1 0.0 2 -0.388065 3 0 2 0.0 0 0.0 0 3 1 6 0.0 0 0.0 0 0 0 0 0.0 0 0.0 0 
2 2.0 3 11.352434 3 0 2 0.0 0 0.0 0 3 1 5 0.5 1 0.5 1 4 0 1 0.5 0 1.0 1 
3 1.0 3 11.416715 3 0 2 0.0 0 0.0 0 3 1 5 0.5 1 0.5 1 4 0 1 0.5 0 1.0 1 
4 0.0 3 11.516829 3 0 2 0.0 0 0.0 0 3 1 5 0.5 1 0.5 1 4 0 1 0.5 0 1.0 1 
5 1.0 3 11.594853 3 0 2 0.0 0 0.0 0 3 1 5 0.5 1 0.5 1 4 0 1 0.5 0 0.0 1 
6 1.0 3 12.723950 3 0 2 0.0 0 0.0 0 3 1 5 0.5 1 0.5 1 4 1 1 0.5 1 1.0 0 
7 3.0 3 12.854263 3 0 2 0.0 0 0.0 0 3 1 5 0.5 1 0.5 1 4 1 1 0.5 1 1.0 2 
8 2.0 3 12.869845 3 0 2 0.0 0 0.0 0 3 1 5 0.5 1 0.5 1 4 1 1 0.5 1 1.0 2 
9 1.0 3 12.919756 3 0 2 0.0 0 0.0 0 3 1 5 0.5 1 0.5 1 4 1 1 0.5 1 1.0 2 
10 2.0 3 12.928729 3 0 2 0.0 0 0.0 0 3 1 5 0.5 1 0.5 1 4 1 1 0.5 1 1.0 1 
11 0.0 3 13.025026 3 0 2 0.0 0 0.0 0 3 1 5 0.5 1 0.5 1 4 1 1 0.5 1 1.0 1 
12 1.0 3 13.043421 3 0 2 0.0 0 0.0 0 3 1 5 0.5 1 0.5 1 4 1 1 0.5 1 0.0 1 
13 2.0 3 13.055818 3 0 2 0.0 0 0.0 0 3 1 5 0.5 1 0.5 1 4 1 1 0.5 1 0.0 2 
14 1.0 3 13.075635 3 0 2 0.0 0 0.0 0 3 1 5 0.5 1 0.5 1 4 1 1 0.5 1 1.0 1 
15 0.0 3 13.249623 3 0 2 0.0 0 0.0 0 3 1 5 0.5 1 0.5 1 4 1 1 0.5 1 0.0 0 
16 0.0 3 13.626074 3 0 2 0.0 0 0.0 0 3 1 5 0.5 1 0.5 1 3 2 1 0.5 2 1.0 1 
17 1.0 3 13.636951 3 0 2 0.0 0 0.0 0 3 1 5 0.5 1 0.5 1 3 2 1 0.5 2 1.0 1 
18 2.0 3 13.659261 3 0 2 0.0 0 0.0 0 3 1 5 0.5 1 0.5 1 3 2 1 0.5 2 1.0 1 
19 3.0 3 13.685296 3 0 2 0.0 0 0.0 0 3 1 5 0.5 1 0.5 1 3 2 1 0.5 2 0.0 3 
20 3.0 3 13.717221 3 0 2 0.0 0 0.0 0 3 1 5 0.5 1 0.5 1 3 2 1 0.5 2 1.0 2 
21 2.0 3 13.732661 3 0 2 0.0 0 0.0 0 3 1 5 0.5 1 0.5 1 3 2 1 0.5 2 0.0 2 
22 4.0 3 13.738817 3 0 2 0.0 0 0.0 0 3 1 5 0.5 1 0.5 1 3 2 1 0.5 2 1.0 3 
23 1.0 3 13.759098 3 0 2 0.0 0 0.0 0 3 1 5 0.5 1 0.5 1 3 2 1 0.5 2 1.0 2 
24 2.0 3 13.849538 3 0 2 0.0 0 0.0 0 3 1 5 0.5 1 0.5 1 3 2 1 0.5 2 1.0 2 
25 3.0 3 13.879327 3 0 2 0.0 0 0.0 0 3 1 5 0.5 1 0.5 1 3 2 1 0.5 2 1.0 3 
26 2.0 3 13.888448 3 0 2 0.0 0 0.0 0 3 1 5 0.5 1 0.5 1 5 0 1 0.5 0 1.0 1 
27 1.0 3 13.903213 3 0 2 0.0 0 0.0 0 3 1 5 0.5 1 0.5 1 5 0 1 0.5 0 0.0 1 
28 2.0 3 13.904409 3 0 2 0.0 0 0.0 0 3 1 5 0.5 1 0.5 1 3 2 1 0.5 2 1.0 3 
29 1.0 3 13.931219 3 0 2 0.0 0 0.0 0 3 1 5 0.5 1 0.5 1 3 2 1 0.5 2 0.0 1 
30 0.0 3 14.048919 3 0 2 0.0 0 0.0 0 3 1 5 0.5 1 0.5 1 5 0 1 0.5 0 1.0 1 
31 1.0 3 14.061824 3 0 2 0.0 0 0.0 0 3 1 5 0.5 1 0.5 1 5 0 1 0.5 0 1.0 1 
32 1.0 3 14.276068 3 0 2 0.0 0 0.0 0 3 1 5 0.5 1 0.5 1 5 1 1 0.5 1 1.0 0 
33 3.0 3 14.300914 3 0 2 0.0 0 0.0 0 3 1 5 0.5 1 0.5 1 5 1 1 0.5 1 1.0 2 
34 2.0 3 14.306567 3 0 2 0.0 0 0.0 0 3 1 5 0.5 1 0.5 1 5 1 1 0.5 1 1.0 2 
35 1.0 3 14.322638 3 0 2 0.0 0 0.0 0 3 1 5 0.5 1 0.5 1 5 1 1 0.5 1 0.0 1 
36 2.0 3 14.324451 3 0 2 0.0 0 0.0 0 3 1 5 0.5 1 0.5 1 5 1 1 0.5 1 1.0 1 
37 0.0 3 14.387349 3 0 2 0.0 0 0.0 0 3 1 5 0.5 1 0.5 1 5 1 1 0.5 1 1.0 1 
38 1.0 3 14.471165 3 0 2 0.0 0 0.0 0 3 1 5 0.5 1 0.5 1 5 1 1 0.5 1 1.0 2 
39 2.0 3 14.476343 3 0 2 0.0 0 0.0 0 3 1 5 0.5 1 0.5 1 5 1 1 0.5 1 0.0 2 
40 1.0 3 14.476541 3 0 2 0.0 0 0.0 0 3 1 5 0.5 1 0.5 1 5 1 1 0.5 1 1.0 1 
41 0.0 3 14.554530 3 0 2 0.0 0 0.0 0 3 1 5 0.5 1 0.5 1 5 1 1 0.5 1 0.0 0 
42 0.0 3 14.574310 3 0 2 0.0 0 0.0 0 3 1 5 0.5 1 0.5 1 4 2 1 0.5 2 1.0 1 
43 1.0 3 14.583888 3 0 2 0.0 0 0.0 0 3 1 5 0.5 1 0.5 1 4 2 1 0.5 2 1.0 1 
44 4.0 3 14.594803 3 0 2 0.0 0 0.0 0 3 1 5 0.5 1 0.5 1 4 2 1 0.5 2 1.0 3 
45 2.0 3 14.599638 3 0 2 0.0 0 0.0 0 3 1 5 0.5 1 0.5 1 4 2 1 0.5 2 1.0 1 
46 3.0 3 14.605902 3 0 2 0.0 0 0.0 0 3 1 5 0.5 1 0.5 1 4 2 1 0.5 2 1.0 3 
47 2.0 3 14.624026 3 0 2 0.0 0 0.0 0 3 1 5 0.5 1 0.5 1 4 2 1 0.5 2 0.0 2 
48 3.0 3 14.628922 3 0 2 0.0 0 0.0 0 3 1 5 0.5 1 0.5 1 4 2 1 0.5 2 1.0 2 
49 1.0 3 14.675643 3 0 2 0.0 0 0.0 0 3 1 5 0.5 1 0.5 1 4 2 1 0.5 2 1.0 2 
50 2.0 3 14.704800 3 0 2 0.0 0 0.0 0 3 1 5 0.5 1 0.5 1 4 3 1 0.5 3 1.0 2 
51 1.0 3 14.704821 3 0 2 0.0 0 0.0 0 3 1 5 0.5 1 0.5 1 4 3 1 0.5 3 1.0 2 
52 5.0 3 14.707049 3 0 2 0.0 0 0.0 0 3 1 5 0.5 1 0.5 1 4 3 1 0.5 3 1.0 4 
53 4.0 3 14.707059 3 0 2 0.0 0 0.0 0 3 1 5 0.5 1 0.5 1 4 3 1 0.5 3 0.0 4 
54 2.0 3 14.709320 3 0 2 0.0 0 0.0 0 3 1 5 0.5 1 0.5 1 4 3 1 0.5 3 1.0 3 
55 3.0 3 14.709347 3 0 2 0.0 0 0.0 0 3 1 5 0.5 1 0.5 1 4 3 1 0.5 3 1.0 2 
56 3.0 3 14.711571 3 0 2 0.0 0 0.0 0 3 1 5 0.5 1 0.5 1 4 3 1 0.5 3 0.0 3 
57 4.0 3 14.711585 3 0 2 0.0 0 0.0 0 3 1 5 0.5 1 0.5 1 4 3 1 0.5 3 1.0 3 
58 2.0 3 14.770961 3 0 2 0.0 0 0.0 0 3 1 5 0.5 1 0.5 1 4 2 1 0.5 2 1.0 3 
59 2.0 3 14.774195 3 0 2 0.0 0 0.0 0 3 1 5 0.5 1 0.5 1 4 2 1 0.5 2 1.0 2 
60 3.0 3 14.778610 3 0 2 0.0 0 0.0 0 3 1 5 0.5 1 0.5 1 4 2 1 0.5 2 0.0 3 
61 1.0 3 14.824036 3 0 2 0.0 0 0.0 0 3 1 5 0.5 1 0.5 1 4 2 1 0.5 2 0.0 1 
62 2.0 3 14.874760 3 0 2 0.0 0 0.0 0 3 1 5 0.5 1 0.5 1 4 3 1 0.5 3 0.0 2 
63 3.0 3 14.874789 3 0 2 0.0 0 0.0 0 3 1 5 0.5 1 0.5 1 4 3 1 0.5 3 1.0 4 
64 3.0 3 14.874795 3 0 2 0.0 0 0.0 0 3 1 5 0.5 1 0.5 1 4 3 1 0.5 3 1.0 3 
65 4.0 3 14.874815 3 0 2 0.0 0 0.0 0 3 1 5 0.5 1 0.5 1 4 3 1 0.5 3 1.0 4 
66 0.0 3 14.943915 3 0 2 0.0 0 0.0 0 3 1 5 0.5 1 0.5 1 5 2 1 0.5 2 1.0 1 
67 1.0 3 14.950937 3 0 2 0.0 0 0.0 0 3 1 5 0.5 1 0.5 1 5 2 1 0.5 2 1.0 1 
68 4.0 3 14.953176 3 0 2 0.0 0 0.0 0 3 1 5 0.5 1 0.5 1 5 2 1 0.5 2 1.0 3 
69 2.0 3 14.959194 3 0 2 0.0 0 0.0 0 3 1 5 0.5 1 0.5 1 5 2 1 0.5 2 1.0 1 
70 3.0 3 14.959829 3 0 2 0.0 0 0.0 0 3 1 5 0.5 1 0.5 1 5 2 1 0.5 2 1.0 3 
71 2.0 3 14.969975 3 0 2 0.0 0 0.0 0 3 1 5 0.5 1 0.5 1 5 2 1 0.5 2 0.0 2 
72 3.0 3 14.972235 3 0 2 0.0 0 0.0 0 3 1 5 0.5 1 0.5 1 5 2 1 0.5 2 1.0 2 
73 2.0 3 15.013750 3 0 2 0.0 0 0.0 0 3 1 5 0.5 1 0.5 1 5 3 1 0.5 3 1.0 2 
74 1.0 3 15.013760 3 0 2 0.0 0 0.0 0 3 1 5 0.5 1 0.5 1 5 3 1 0.5 3 1.0 2 
75 5.0 3 15.014887 3 0 2 0.0 0 0.0 0 3 1 5 0.5 1 0.5 1 5 3 1 0.5 3 1.0 4 
76 4.0 3 15.014898 3 0 2 0.0 0 0.0 0 3 1 5 0.5 1 0.5 1 5 3 1 0.5 3 0.0 4 
77 2.0 3 15.016112 3 0 2 0.0 0 0.0 0 3 1 5 0.5 1 0.5 1 5 3 1 0.5 3 1.0 3 
78 3.0 3 15.016124 3 0 2 0.0 0 0.0 0 3 1 5 0.5 1 0.5 1 5 3 1 0.5 3 1.0 2 
79 2.0 3 15.017172 3 0 2 0.0 0 0.0 0 3 1 5 0.5 1 0.5 1 5 4 1 0.5 4 1.0 3 
80 3.0 3 15.017175 3 0 2 0.0 0 0.0 0 3 1 5 0.5 1 0.5 1 5 4 1 0.5 4 1.0 3 
81 3.0 3 15.017234 3 0 2 0.0 0 0.0 0 3 1 5 0.5 1 0.5 1 5 3 1 0.5 3 0.0 3 
82 4.0 3 15.017243 3 0 2 0.0 0 0.0 0 3 1 5 0.5 1 0.5 1 5 3 1 0.5 3 1.0 3 
83 5.0 3 15.017587 3 0 2 0.0 0 0.0 0 3 1 5 0.5 1 0.5 1 5 4 1 0.5 4 0.0 5 
84 6.0 3 15.017591 3 0 2 0.0 0 0.0 0 3 1 5 0.5 1 0.5 1 5 4 1 0.5 4 1.0 5 
85 3.0 3 15.018266 3 0 2 0.0 0 0.0 0 3 1 5 0.5 1 0.5 1 5 4 1 0.5 4 1.0 4 
86 4.0 3 15.018269 3 0 2 0.0 0 0.0 0 3 1 5 0.5 1 0.5 1 5 4 1 0.5 4 1.0 3 
87 4.0 3 15.018663 3 0 2 0.0 0 0.0 0 3 1 5 0.5 1 0.5 1 5 4 1 0.5 4 0.0 4 
88 5.0 3 15.018666 3 0 2 0.0 0 0.0 0 3 1 5 0.5 1 0.5 1 5 4 1 0.5 4 1.0 4 
89 1.0 3 15.025483 3 0 2 0.0 0 0.0 0 3 1 5 0.5 1 0.5 1 5 2 1 0.5 2 1.0 2 
90 2.0 3 15.124435 3 0 2 0.0 0 0.0 0 3 1 5 0.5 1 0.5 1 5 2 1 0.5 2 1.0 3 
91 2.0 3 15.126477 3 0 2 0.0 0 0.0 0 3 1 5 0.5 1 0.5 1 5 2 1 0.5 2 1.0 2 
92 3.0 3 15.128859 3 0 2 0.0 0 0.0 0 3 1 5 0.5 1 0.5 1 5 2 1 0.5 2 0.0 3 
93 1.0 3 15.179317 3 0 2 0.0 0 0.0 0 3 1 5 0.5 1 0.5 1 5 2 1 0.5 2 0.0 1 
94 2.0 3 15.181853 3 0 2 0.0 0 0.0 0 3 1 5 0.5 1 0.5 1 5 3 1 0.5 3 0.0 2 
95 3.0 3 15.181868 3 0 2 0.0 0 0.0 0 3 1 5 0.5 1 0.5 1 5 3 1 0.5 3 1.0 3 
96 3.0 3 15.181873 3 0 2 0.0 0 0.0 0 3 1 5 0.5 1 0.5 1 5 3 1 0.5 3 1.0 4 
97 4.0 3 15.181887 3 0 2 0.0 0 0.0 0 3 1 5 0.5 1 0.5 1 5 3 1 0.5 3 1.0 4 
98 3.0 3 15.184158 3 0 2 0.0 0 0.0 0 3 1 5 0.5 1 0.5 1 5 4 1 0.5 4 0.0 3 
99 4.0 3 15.184162 3 0 2 0.0 0 0.0 0 3 1 5 0.5 1 0.5 1 5 4 1 0.5 4 1.0 4 
100 4.0 3 15.184180 3 0 2 0.0 0 0.0 0 3 1 5 0.5 1 0.5 1 5 4 1 0.5 4 1.0 5 
101 5.0 3 15.184183 3 0 2 0.0 0 0.0 0 3 1 5 0.5 1 0.5 1 5 4 1 0.5 4 1.0 5 
102 2.0 3 29.352362 3 0 1 0.5 0 0.5 0 3 1 6 0.0 0 0.5 0 3 2 1 0.5 2 0.0 2 
103 1.0 3 29.768435 3 0 1 0.5 0 0.5 0 3 1 6 0.0 0 0.5 0 3 2 1 0.5 2 1.0 2 
104 2.0 3 29.774153 3 0 1 0.5 0 0.5 0 3 1 6 0.0 0 0.5 0 3 2 1 0.5 2 1.0 2 
105 3.0 3 29.783141 3 0 1 0.5 0 0.5 0 3 1 6 0.0 0 0.5 0 3 2 1 0.5 2 1.0 2 
106 1.0 3 30.103617 3 0 1 0.5 0 0.5 0 3 1 6 0.0 0 0.5 0 4 0 1 0.5 0 1.0 0 
107 2.0 3 30.230723 3 0 2 0.0 0 0.0 0 3 1 4 1.0 1 1.0 1 3 2 2 1.0 1 2.0 0 
108 4.0 3 30.348502 3 0 2 0.0 0 0.0 0 3 1 4 1.0 1 1.0 1 3 2 2 1.0 3 2.0 2 
109 3.0 3 30.352084 3 0 2 0.0 0 0.0 0 3 1 4 1.0 1 1.0 1 3 2 2 1.0 3 2.0 2 
110 2.0 3 30.355624 3 0 2 0.0 0 0.0 0 3 1 4 1.0 1 1.0 1 3 2 2 1.0 3 2.0 2 
111 1.0 3 30.358323 3 0 2 0.0 0 0.0 0 3 1 4 1.0 1 1.0 1 3 2 2 1.0 3 2.0 2 
112 0.0 3 30.359779 3 0 2 0.0 0 0.0 0 3 1 4 1.0 1 1.0 1 3 2 2 1.0 3 2.0 2 
113 0.0 3 30.369257 3 0 1 0.5 0 0.5 0 3 1 6 0.0 0 0.5 0 4 0 1 0.5 0 0.0 0 
114 5.0 3 30.478628 3 0 2 0.0 0 0.0 0 3 1 4 1.0 1 1.0 1 3 2 2 1.0 3 2.0 3 
115 4.0 3 30.497000 3 0 2 0.0 0 0.0 0 3 1 4 1.0 1 1.0 1 3 2 2 1.0 3 2.0 3 
116 3.0 3 30.511056 3 0 2 0.0 0 0.0 0 3 1 4 1.0 1 1.0 1 3 2 2 1.0 3 2.0 3 
117 2.0 3 30.520420 3 0 2 0.0 0 0.0 0 3 1 4 1.0 1 1.0 1 3 2 2 1.0 3 2.0 3 
118 1.0 3 30.525957 3 0 2 0.0 0 0.0 0 3 1 4 1.0 1 1.0 1 3 2 2 1.0 3 2.0 3 
119 6.0 3 30.674465 3 0 2 0.0 0 0.0 0 3 1 4 1.0 1 1.0 1 3 2 2 1.0 3 2.0 4 
120 5.0 3 30.725697 3 0 2 0.0 0 0.0 0 3 1 4 1.0 1 1.0 1 3 2 2 1.0 3 2.0 4 
121 4.0 3 30.762657 3 0 2 0.0 0 0.0 0 3 1 4 1.0 1 1.0 1 3 2 2 1.0 3 2.0 4 
122 3.0 3 30.789325 3 0 2 0.0 0 0.0 0 3 1 4 1.0 1 1.0 1 3 2 2 1.0 3 2.0 4 
123 2.0 3 30.807700 3 0 2 0.0 0 0.0 0 3 1 4 1.0 1 1.0 1 3 2 2 1.0 3 2.0 4 
124 5.0 3 31.083475 3 0 2 0.0 0 0.0 0 3 1 4 1.0 1 1.0 1 3 2 2 0.0 4 1.0 4 
125 4.0 3 31.098415 3 0 2 0.0 0 0.0 0 3 1 4 1.0 1 1.0 1 3 2 2 0.0 2 1.0 3 
126 4.0 3 31.111090 3 0 2 0.0 0 0.0 0 3 1 4 1.0 1 1.0 1 3 2 2 0.0 4 1.0 4 
127 0.0 3 31.134821 3 0 2 0.0 0 0.0 0 3 1 4 1.0 1 1.0 1 3 2 2 0.0 2 1.0 1 
128 3.0 3 31.138266 3 0 2 0.0 0 0.0 0 3 1 4 1.0 1 1.0 1 3 2 2 0.0 4 1.0 4 
129 1.0 3 31.146235 3 0 2 0.0 0 0.0 0 3 1 4 1.0 1 1.0 1 3 2 2 0.0 2 1.0 1 
130 3.0 3 31.147575 3 0 2 0.0 0 0.0 0 3 1 4 1.0 1 1.0 1 3 2 2 0.0 2 1.0 3 
131 2.0 3 31.155605 3 0 2 0.0 0 0.0 0 3 1 4 1.0 1 1.0 1 3 2 2 0.0 2 1.0 1 
132 2.0 3 31.172407 3 0 2 0.0 0 0.0 0 3 1 4 1.0 1 1.0 1 3 2 2 0.0 2 1.0 3 
133 3.0 3 31.390845 3 0 2 0.0 0 0.0 0 3 1 4 1.0 1 1.0 1 3 2 2 1.0 1 2.0 1 
134 4.0 3 31.404048 3 0 2 0.0 0 0.0 0 3 1 4 1.0 1 1.0 1 3 2 2 1.0 1 2.0 2 
135 2.0 3 31.415041 3 0 2 0.0 0 0.0 0 3 1 4 1.0 1 1.0 1 3 2 2 1.0 1 2.0 2 
136 1.0 3 31.434539 3 0 2 0.0 0 0.0 0 3 1 4 1.0 1 1.0 1 3 2 2 1.0 1 2.0 2 
137 3.0 3 31.443081 3 0 2 0.0 0 0.0 0 3 1 4 1.0 1 1.0 1 3 2 2 1.0 1 2.0 2 
138 0.0 3 31.446004 3 0 2 0.0 0 0.0 0 3 1 4 1.0 1 1.0 1 3 2 2 1.0 1 2.0 2 
139 2.0 3 31.483162 3 0 2 0.0 0 0.0 0 3 1 4 1.0 1 1.0 1 3 2 2 1.0 1 2.0 1 
140 1.0 3 31.503609 3 0 2 0.0 0 0.0 0 3 1 4 1.0 1 1.0 1 3 2 2 1.0 1 2.0 1 
141 3.0 3 31.506223 3 0 2 0.0 0 0.0 0 3 1 4 1.0 1 1.0 1 3 2 2 0.0 2 1.0 2 
142 2.0 3 31.536291 3 0 2 0.0 0 0.0 0 3 1 4 1.0 1 1.0 1 3 2 2 0.0 2 1.0 2 
143 1.0 3 31.557073 3 0 2 0.0 0 0.0 0 3 1 4 1.0 1 1.0 1 3 2 2 0.0 2 1.0 2 
144 0.0 3 31.604263 3 0 1 0.5 0 0.5 0 3 1 6 0.0 0 0.5 0 4 1 1 0.5 1 1.0 1 
145 1.0 3 31.605475 3 0 1 0.5 0 0.5 0 3 1 6 0.0 0 0.5 0 4 1 1 0.5 1 1.0 1 
146 2.0 3 31.608043 3 0 1 0.5 0 0.5 0 3 1 6 0.0 0 0.5 0 4 1 1 0.5 1 1.0 1 
147 6.0 3 31.613437 3 0 2 0.0 0 0.0 0 3 1 4 1.0 1 1.0 1 3 2 2 0.0 4 1.0 5 
148 1.0 3 31.673114 3 0 1 0.5 0 0.5 0 3 1 6 0.0 0 0.5 0 4 1 1 0.5 1 0.0 1 
149 5.0 3 31.690457 3 0 2 0.0 0 0.0 0 3 1 4 1.0 1 1.0 1 3 2 2 0.0 4 1.0 5 
150 2.0 3 31.691824 3 0 2 0.0 0 0.0 0 3 1 4 0.0 2 0.0 2 3 2 2 1.0 3 1.0 3 
151 3.0 3 31.699652 3 0 2 0.0 0 0.0 0 3 1 4 0.0 2 0.0 2 3 2 2 1.0 3 1.0 3 
152 4.0 3 31.716624 3 0 2 0.0 0 0.0 0 3 1 4 1.0 1 1.0 1 3 2 2 1.0 3 1.0 3 
153 4.0 3 31.746012 3 0 2 0.0 0 0.0 0 3 1 4 1.0 1 1.0 1 3 2 2 0.0 4 1.0 5 
154 2.0 3 31.866472 3 0 2 0.0 0 0.0 0 3 1 4 1.0 1 1.0 1 3 2 2 1.0 3 0.0 2 
155 4.0 3 31.869785 3 0 2 0.0 0 0.0 0 3 1 4 1.0 1 1.0 1 3 2 2 1.0 3 0.0 4 
156 2.0 3 31.988611 3 0 2 0.0 0 0.0 0 3 1 4 1.0 1 1.0 1 3 2 2 1.0 1 1.0 2 
157 1.0 3 31.992609 3 0 2 0.0 0 0.0 0 3 1 4 1.0 1 1.0 1 3 2 2 1.0 1 1.0 2 
158 3.0 3 31.996059 3 0 2 0.0 0 0.0 0 3 1 4 1.0 1 1.0 1 3 2 2 1.0 1 1.0 2 
159 3.0 3 32.050195 3 0 2 0.0 0 0.0 0 3 1 4 1.0 1 1.0 1 3 2 2 1.0 3 1.0 4 
160 4.0 3 32.065196 3 0 2 0.0 0 0.0 0 3 1 4 1.0 1 1.0 1 3 2 2 1.0 3 1.0 4 
161 5.0 3 32.070106 3 0 2 0.0 0 0.0 0 3 1 4 1.0 1 1.0 1 3 2 2 1.0 3 1.0 4 
162 2.0 3 32.113157 3 0 2 0.0 0 0.0 0 3 1 4 1.0 1 1.0 1 3 2 2 1.0 1 1.0 1 
163 1.0 3 32.134979 3 0 2 0.0 0 0.0 0 3 1 4 1.0 1 1.0 1 3 2 2 1.0 1 1.0 1 
164 0.0 3 32.138117 3 0 2 0.0 0 0.0 0 3 1 4 1.0 1 1.0 1 3 2 2 1.0 1 1.0 1 
165 0.0 3 32.177047 3 0 2 0.0 0 0.0 0 3 1 4 0.0 2 0.0 2 3 2 2 0.0 2 0.0 0 
166 3.0 3 32.197885 3 0 2 0.0 0 0.0 0 3 1 4 0.0 2 0.0 2 3 2 2 0.0 2 0.0 3 
167 2.0 3 32.404898 3 0 2 0.0 0 0.0 0 3 1 4 1.0 1 1.0 1 3 2 2 0.0 4 1.0 3 
168 3.0 3 32.440953 3 0 2 0.0 0 0.0 0 3 1 4 1.0 1 1.0 1 3 2 2 0.0 4 1.0 3 
169 2.0 3 32.460467 3 0 2 0.0 0 0.0 0 3 1 4 1.0 1 1.0 1 3 2 2 0.0 0 1.0 1 
170 4.0 3 32.486170 3 0 2 0.0 0 0.0 0 3 1 4 1.0 1 1.0 1 3 2 2 0.0 4 1.0 3 
171 6.0 3 32.511208 3 0 2 0.0 0 0.0 0 3 1 4 0.0 2 0.0 2 3 2 2 1.0 3 1.0 5 
172 1.0 3 32.514730 3 0 2 0.0 0 0.0 0 3 1 4 1.0 1 1.0 1 3 2 2 1.0 1 0.0 1 
173 5.0 3 32.515147 3 0 2 0.0 0 0.0 0 3 1 4 0.0 2 0.0 2 3 2 2 1.0 3 1.0 5 
174 4.0 3 32.516472 3 0 2 0.0 0 0.0 0 3 1 4 0.0 2 0.0 2 3 2 2 1.0 3 1.0 5 
175 1.0 3 32.559770 3 0 2 0.0 0 0.0 0 3 1 4 1.0 1 1.0 1 3 2 2 0.0 0 1.0 1 
176 0.0 3 32.603533 3 0 2 0.0 0 0.0 0 3 1 4 1.0 1 1.0 1 3 2 2 0.0 0 1.0 1 
177 1.0 3 32.630762 3 0 1 0.5 0 0.5 0 3 1 6 0.0 0 0.5 0 5 0 1 0.5 0 1.0 0 
178 6.0 3 32.701359 3 0 2 0.0 0 0.0 0 3 1 4 0.0 2 0.0 2 3 2 2 0.0 4 0.0 6 
179 0.0 3 32.707399 3 0 1 0.5 0 0.5 0 3 1 6 0.0 0 0.5 0 5 0 1 0.5 0 0.0 0 
180 1.0 3 32.835744 3 0 2 0.0 0 0.0 0 3 1 4 1.0 1 1.0 1 3 2 2 1.0 3 1.0 2 
181 2.0 3 32.860217 3 0 2 0.0 0 0.0 0 3 1 4 1.0 1 1.0 1 3 2 2 1.0 3 1.0 2 
182 3.0 3 32.907299 3 0 2 0.0 0 0.0 0 3 1 4 1.0 1 1.0 1 3 2 2 1.0 3 1.0 2 
183 2.0 3 32.956493 3 0 2 0.0 0 0.0 0 3 1 4 1.0 1 1.0 1 3 2 2 1.0 1 0.0 2 
184 4.0 3 33.017756 3 0 2 0.0 0 0.0 0 3 1 4 0.0 2 0.0 2 3 2 2 0.0 2 0.0 4 
185 0.0 3 33.053867 3 0 1 0.5 0 0.5 0 3 1 6 0.0 0 0.5 0 5 1 1 0.5 1 1.0 1 
186 1.0 3 33.054289 3 0 1 0.5 0 0.5 0 3 1 6 0.0 0 0.5 0 5 1 1 0.5 1 1.0 1 
187 2.0 3 33.055185 3 0 1 0.5 0 0.5 0 3 1 6 0.0 0 0.5 0 5 1 1 0.5 1 1.0 1 
188 1.0 3 33.077201 3 0 1 0.5 0 0.5 0 3 1 6 0.0 0 0.5 0 5 1 1 0.5 1 0.0 1 
189 1.0 3 33.307577 3 0 2 0.0 0 0.0 0 3 1 4 1.0 1 1.0 1 3 2 2 1.0 1 1.0 0 
190 1.0 3 33.338089 3 0 1 0.5 0 0.5 0 3 1 6 0.0 0 0.5 0 4 2 1 0.5 2 1.0 2 
191 2.0 3 33.338120 3 0 1 0.5 0 0.5 0 3 1 6 0.0 0 0.5 0 4 2 1 0.5 2 1.0 2 
192 3.0 3 33.338166 3 0 1 0.5 0 0.5 0 3 1 6 0.0 0 0.5 0 4 2 1 0.5 2 1.0 2 
193 2.0 3 33.373032 3 0 1 0.5 0 0.5 0 3 1 6 0.0 0 0.5 0 4 2 1 0.5 2 0.0 2 
194 5.0 3 33.394209 3 0 2 0.0 0 0.0 0 3 1 4 0.0 2 0.0 2 3 2 2 1.0 3 1.0 4 
195 4.0 3 33.420495 3 0 2 0.0 0 0.0 0 3 1 4 0.0 2 0.0 2 3 2 2 1.0 3 1.0 4 
196 3.0 3 33.443280 3 0 2 0.0 0 0.0 0 3 1 4 0.0 2 0.0 2 3 2 2 1.0 3 1.0 4 
197 2.0 3 33.463682 3 0 1 0.5 0 0.5 0 3 1 6 0.0 0 0.5 0 4 3 1 0.5 3 1.0 3 
198 3.0 3 33.463685 3 0 1 0.5 0 0.5 0 3 1 6 0.0 0 0.5 0 4 3 1 0.5 3 1.0 3 
199 4.0 3 33.463691 3 0 1 0.5 0 0.5 0 3 1 6 0.0 0 0.5 0 4 3 1 0.5 3 1.0 3 
200 3.0 3 33.463726 3 0 1 0.5 0 0.5 0 3 1 6 0.0 0 0.5 0 4 3 1 0.5 3 0.0 3 
201 5.0 3 33.517427 3 0 2 0.0 0 0.0 0 3 1 4 0.0 2 0.0 2 3 2 2 0.0 4 0.0 5 
202 2.0 3 33.603948 3 0 2 0.0 0 0.0 0 3 1 4 0.0 2 0.0 2 3 2 2 1.0 1 1.0 3 
203 3.0 3 33.618323 3 0 2 0.0 0 0.0 0 3 1 4 0.0 2 0.0 2 3 2 2 1.0 1 1.0 3 
204 4.0 3 33.642731 3 0 2 0.0 0 0.0 0 3 1 4 0.0 2 0.0 2 3 2 2 1.0 1 1.0 3 
205 1.0 3 33.700904 3 0 1 0.5 0 0.5 0 3 1 6 0.0 0 0.5 0 5 2 1 0.5 2 1.0 2 
206 2.0 3 33.700923 3 0 1 0.5 0 0.5 0 3 1 6 0.0 0 0.5 0 5 2 1 0.5 2 1.0 2 
207 3.0 3 33.700952 3 0 1 0.5 0 0.5 0 3 1 6 0.0 0 0.5 0 5 2 1 0.5 2 1.0 2 
208 2.0 3 33.723485 3 0 1 0.5 0 0.5 0 3 1 6 0.0 0 0.5 0 5 2 1 0.5 2 0.0 2 
209 2.0 3 33.770673 3 0 1 0.5 0 0.5 0 3 1 6 0.0 0 0.5 0 5 3 1 0.5 3 1.0 3 
210 3.0 3 33.770675 3 0 1 0.5 0 0.5 0 3 1 6 0.0 0 0.5 0 5 3 1 0.5 3 1.0 3 
211 4.0 3 33.770677 3 0 1 0.5 0 0.5 0 3 1 6 0.0 0 0.5 0 5 3 1 0.5 3 1.0 3 
212 3.0 3 33.770707 3 0 1 0.5 0 0.5 0 3 1 6 0.0 0 0.5 0 5 3 1 0.5 3 0.0 3 
213 4.0 3 33.773101 3 0 1 0.5 0 0.5 0 3 1 6 0.0 0 0.5 0 5 4 1 0.5 4 1.0 4 
214 3.0 3 33.773101 3 0 1 0.5 0 0.5 0 3 1 6 0.0 0 0.5 0 5 4 1 0.5 4 1.0 4 
215 5.0 3 33.773104 3 0 1 0.5 0 0.5 0 3 1 6 0.0 0 0.5 0 5 4 1 0.5 4 1.0 4 
216 4.0 3 33.773104 3 0 1 0.5 0 0.5 0 3 1 6 0.0 0 0.5 0 5 4 1 0.5 4 0.0 4 
217 4.0 3 33.930003 3 0 2 0.0 0 0.0 0 3 1 4 0.0 2 0.0 2 3 2 2 1.0 3 1.0 3 
218 3.0 3 33.937398 3 0 2 0.0 0 0.0 0 3 1 4 1.0 1 1.0 1 3 2 2 1.0 3 1.0 3 
219 2.0 3 33.955442 3 0 2 0.0 0 0.0 0 3 1 4 1.0 1 1.0 1 3 2 2 1.0 3 1.0 3 
220 3.0 3 33.994743 3 0 2 0.0 0 0.0 0 3 1 4 0.0 2 0.0 2 3 2 2 0.0 4 0.0 3 
221 0.0 3 34.214699 3 0 2 0.0 0 0.0 0 3 1 4 0.0 2 0.0 2 3 2 2 1.0 3 1.0 1 
222 1.0 3 34.220404 3 0 2 0.0 0 0.0 0 3 1 4 0.0 2 0.0 2 3 2 2 1.0 3 1.0 1 
223 2.0 3 34.228293 3 0 2 0.0 0 0.0 0 3 1 4 0.0 2 0.0 2 3 2 2 1.0 3 1.0 1 
224 4.0 3 34.232415 3 0 2 0.0 0 0.0 0 3 1 4 0.0 2 0.0 2 3 2 2 0.0 4 0.0 4 
225 3.0 3 34.351430 3 0 2 0.0 0 0.0 0 3 1 4 0.0 2 0.0 2 3 2 2 1.0 1 1.0 2 
226 2.0 3 34.392124 3 0 2 0.0 0 0.0 0 3 1 4 0.0 2 0.0 2 3 2 2 1.0 1 1.0 2 
227 1.0 3 34.421249 3 0 2 0.0 0 0.0 0 3 1 4 0.0 2 0.0 2 3 2 2 1.0 1 1.0 2 
228 0.0 3 34.435798 3 0 2 0.0 0 0.0 0 3 1 4 0.0 2 0.0 2 3 2 2 1.0 1 1.0 1 
229 2.0 3 34.438248 3 0 2 0.0 0 0.0 0 3 1 4 0.0 2 0.0 2 3 2 2 0.0 0 0.0 2 
230 1.0 3 34.458425 3 0 2 0.0 0 0.0 0 3 1 4 0.0 2 0.0 2 3 2 2 1.0 1 1.0 1 
231 2.0 3 34.504378 3 0 2 0.0 0 0.0 0 3 1 4 0.0 2 0.0 2 3 2 2 1.0 1 1.0 1 
232 1.0 3 34.547853 3 0 2 0.0 0 0.0 0 3 1 4 0.0 2 0.0 2 3 2 2 0.0 2 0.0 1 
233 3.0 3 34.660756 3 0 2 0.0 0 0.0 0 3 1 4 1.0 1 1.0 1 3 2 2 1.0 3 0.0 3 
234 4.0 3 34.928638 3 0 2 0.0 0 0.0 0 3 1 4 0.0 0 0.0 0 3 2 2 1.0 3 1.0 3 
235 2.0 3 34.936669 3 0 2 0.0 0 0.0 0 3 1 4 0.0 0 0.0 0 3 2 2 0.0 2 0.0 2 
236 3.0 3 34.990898 3 0 2 0.0 0 0.0 0 3 1 4 0.0 0 0.0 0 3 2 2 1.0 3 1.0 3 
237 2.0 3 35.021849 3 0 2 0.0 0 0.0 0 3 1 4 0.0 0 0.0 0 3 2 2 1.0 3 1.0 3 
238 2.0 3 35.191051 3 0 2 0.0 0 0.0 0 3 1 4 0.0 0 0.0 0 3 2 2 1.0 1 1.0 1 
239 4.0 3 35.202913 3 0 2 0.0 0 0.0 0 3 1 4 0.0 0 0.0 0 3 2 2 0.0 4 0.0 4 
240 1.0 3 35.228467 3 0 2 0.0 0 0.0 0 3 1 4 0.0 0 0.0 0 3 2 2 1.0 1 1.0 1 
241 0.0 3 35.240307 3 0 2 0.0 0 0.0 0 3 1 4 0.0 0 0.0 0 3 2 2 1.0 1 1.0 1 
242 0.0 3 35.552378 3 0 2 0.0 0 0.0 0 3 1 4 0.0 0 0.0 0 3 2 2 0.0 0 0.0 0 
243 2.0 3 35.805407 3 0 2 0.0 0 0.0 0 3 1 4 0.0 2 0.0 2 3 2 2 0.0 2 0.0 2 
244 3.0 3 36.137489 3 0 2 0.0 0 0.0 0 3 1 4 0.0 2 0.0 2 3 2 2 1.0 3 1.0 2 
245 2.0 3 36.147485 3 0 2 0.0 0 0.0 0 3 1 4 0.0 2 0.0 2 3 2 2 1.0 3 1.0 2 
246 1.0 3 36.153555 3 0 2 0.0 0 0.0 0 3 1 4 0.0 2 0.0 2 3 2 2 1.0 3 1.0 2 
247 0.0 3 37.144311 3 0 2 0.0 0 0.0 0 3 1 4 1.0 1 1.0 1 3 2 2 1.0 1 0.0 0 
248 2.0 3 37.212384 3 0 2 0.0 0 0.0 0 3 1 4 0.0 2 0.0 2 3 2 2 0.0 4 0.0 2 
249 0.0 3 47.156607 3 0 1 0.5 0 0.5 0 3 1 5 0.5 1 1.0 1 3 2 2 1.0 3 2.0 2 
250 1.0 3 47.159884 3 0 1 0.5 0 0.5 0 3 1 5 0.5 1 1.0 1 3 2 2 1.0 3 2.0 2 
251 2.0 3 47.166509 3 0 1 0.5 0 0.5 0 3 1 5 0.5 1 1.0 1 3 2 2 1.0 3 2.0 2 
252 3.0 3 47.176745 3 0 1 0.5 0 0.5 0 3 1 5 0.5 1 1.0 1 3 2 2 1.0 3 2.0 2 
253 4.0 3 47.191432 3 0 1 0.5 0 0.5 0 3 1 5 0.5 1 1.0 1 3 2 2 1.0 3 2.0 2 
254 6.0 3 47.563419 3 0 1 0.5 0 0.5 0 3 1 5 0.5 1 1.0 1 3 2 2 1.0 3 2.0 4 
255 3.0 3 47.594923 3 0 1 0.5 0 0.5 0 3 1 5 0.5 1 1.0 1 3 2 2 1.0 1 2.0 1 
256 5.0 3 47.598349 3 0 1 0.5 0 0.5 0 3 1 5 0.5 1 1.0 1 3 2 2 1.0 3 2.0 4 
257 4.0 3 47.631776 3 0 1 0.5 0 0.5 0 3 1 5 0.5 1 1.0 1 3 2 2 1.0 3 2.0 4 
258 2.0 3 47.636317 3 0 1 0.5 0 0.5 0 3 1 5 0.5 1 1.0 1 3 2 2 1.0 1 2.0 1 
259 3.0 3 47.662071 3 0 1 0.5 0 0.5 0 3 1 5 0.5 1 1.0 1 3 2 2 1.0 3 2.0 4 
260 1.0 3 47.667262 3 0 1 0.5 0 0.5 0 3 1 5 0.5 1 1.0 1 3 2 2 1.0 1 2.0 1 
261 2.0 3 47.687660 3 0 1 0.5 0 0.5 0 3 1 5 0.5 1 1.0 1 3 2 2 1.0 3 2.0 4 
262 5.0 3 47.874204 3 0 1 0.5 0 0.5 0 3 1 5 0.5 1 1.0 1 3 2 2 1.0 3 2.0 3 
263 4.0 3 47.890543 3 0 1 0.5 0 0.5 0 3 1 5 0.5 1 1.0 1 3 2 2 1.0 3 2.0 3 
264 3.0 3 47.898535 3 0 1 0.5 0 0.5 0 3 1 5 0.5 1 1.0 1 3 2 2 1.0 3 2.0 3 
265 1.0 3 47.899302 3 0 1 0.5 0 0.5 0 3 1 5 0.5 1 1.0 1 3 2 2 1.0 3 2.0 3 
266 2.0 3 47.900516 3 0 1 0.5 0 0.5 0 3 1 5 0.5 1 1.0 1 3 2 2 1.0 3 2.0 3 
267 3.0 3 48.254724 3 0 1 0.5 0 0.5 0 3 1 5 0.5 1 1.0 1 3 2 2 0.0 2 1.0 2 
268 2.0 3 48.263587 3 0 1 0.5 0 0.5 0 3 1 5 0.5 1 1.0 1 3 2 2 0.0 2 1.0 2 
269 1.0 3 48.285325 3 0 1 0.5 0 0.5 0 3 1 5 0.5 1 1.0 1 3 2 2 0.0 2 1.0 2 
270 2.0 3 48.373812 3 0 1 0.5 0 0.5 0 3 1 5 0.5 1 1.0 1 3 2 2 0.0 4 1.0 3 
271 3.0 3 48.388882 3 0 1 0.5 0 0.5 0 3 1 5 0.5 1 1.0 1 3 2 2 0.0 4 1.0 3 
272 4.0 3 48.396747 3 0 1 0.5 0 0.5 0 3 1 5 0.5 1 1.0 1 3 2 2 0.0 4 1.0 3 
273 0.0 3 48.426275 3 0 1 0.5 0 0.5 0 3 1 5 0.5 1 1.0 1 3 2 2 0.0 2 1.0 1 
274 1.0 3 48.444672 3 0 1 0.5 0 0.5 0 3 1 5 0.5 1 1.0 1 3 2 2 0.0 2 1.0 1 
275 2.0 3 48.462227 3 0 1 0.5 0 0.5 0 3 1 5 0.5 1 1.0 1 3 2 2 0.0 2 1.0 1 
276 6.0 3 48.477816 3 0 1 0.5 0 0.5 0 3 1 5 0.5 1 1.0 1 3 2 2 0.0 4 1.0 5 
277 4.0 3 48.494331 3 0 1 0.5 0 0.5 0 3 1 5 0.5 1 1.0 1 3 2 2 1.0 1 2.0 2 
278 3.0 3 48.524311 3 0 1 0.5 0 0.5 0 3 1 5 0.5 1 1.0 1 3 2 2 1.0 1 2.0 2 
279 5.0 3 48.542944 3 0 1 0.5 0 0.5 0 3 1 5 0.5 1 1.0 1 3 2 2 0.0 4 1.0 5 
280 2.0 3 48.550005 3 0 1 0.5 0 0.5 0 3 1 5 0.5 1 1.0 1 3 2 2 1.0 1 2.0 2 
281 1.0 3 48.568119 3 0 1 0.5 0 0.5 0 3 1 5 0.5 1 1.0 1 3 2 2 1.0 1 2.0 2 
282 0.0 3 48.577383 3 0 1 0.5 0 0.5 0 3 1 5 0.5 1 1.0 1 3 2 2 1.0 1 2.0 2 
283 4.0 3 48.602606 3 0 1 0.5 0 0.5 0 3 1 5 0.5 1 1.0 1 3 2 2 0.0 4 1.0 5 
284 4.0 3 48.615262 3 0 1 0.5 0 0.5 0 3 1 5 0.5 1 1.0 1 3 2 2 0.0 2 1.0 3 
285 3.0 3 48.683904 3 0 1 0.5 0 0.5 0 3 1 5 0.5 1 1.0 1 3 2 2 0.0 2 1.0 3 
286 5.0 3 48.685077 3 0 1 0.5 0 0.5 0 3 1 5 0.5 1 1.0 1 3 2 2 1.0 3 1.0 4 
287 4.0 3 48.710880 3 0 1 0.5 0 0.5 0 3 1 5 0.5 1 1.0 1 3 2 2 1.0 3 1.0 4 
288 3.0 3 48.735936 3 0 1 0.5 0 0.5 0 3 1 5 0.5 1 1.0 1 3 2 2 1.0 3 1.0 4 
289 2.0 3 48.736612 3 0 1 0.5 0 0.5 0 3 1 5 0.5 1 1.0 1 3 2 2 0.0 2 1.0 3 
290 2.0 3 49.002580 3 0 1 0.5 0 0.5 0 3 1 5 0.5 1 1.0 1 3 2 2 1.0 1 2.0 0 
291 4.0 3 49.300875 3 0 1 0.5 0 0.5 0 3 1 5 0.5 1 1.0 1 3 2 2 1.0 3 0.0 4 
292 5.0 3 49.317952 3 0 1 0.5 0 0.5 0 3 1 5 0.5 1 1.0 1 3 2 2 0.0 4 1.0 4 
293 3.0 3 49.326758 3 0 1 0.5 0 0.5 0 3 1 5 0.5 1 1.0 1 3 2 2 1.0 1 1.0 2 
294 4.0 3 49.343840 3 0 1 0.5 0 0.5 0 3 1 5 0.5 1 1.0 1 3 2 2 0.0 4 1.0 4 
295 3.0 3 49.344375 3 0 1 0.5 0 0.5 0 3 1 5 0.5 1 1.0 1 3 2 2 0.0 4 1.0 4 
296 2.0 3 49.358310 3 0 1 0.5 0 0.5 0 3 1 5 0.5 1 1.0 1 3 2 2 1.0 1 1.0 2 
297 1.0 3 49.386463 3 0 1 0.5 0 0.5 0 3 1 5 0.5 1 1.0 1 3 2 2 1.0 1 1.0 2 
298 1.0 3 49.632697 3 0 1 0.5 0 0.5 0 3 1 5 0.5 1 1.0 1 3 2 2 1.0 1 1.0 0 
299 2.0 3 49.712208 3 0 1 0.5 0 0.5 0 3 1 5 0.5 1 1.0 1 3 2 2 0.0 0 1.0 1 
300 1.0 3 49.786403 3 0 1 0.5 0 0.5 0 3 1 5 0.5 1 1.0 1 3 2 2 0.0 0 1.0 1 
301 2.0 3 49.807172 3 0 1 0.5 0 0.5 0 3 1 5 0.5 1 1.0 1 3 2 2 1.0 1 0.0 2 
302 0.0 3 49.823391 3 0 1 0.5 0 0.5 0 3 1 5 0.5 1 1.0 1 3 2 2 0.0 0 1.0 1 
303 3.0 3 49.922125 3 0 1 0.5 0 0.5 0 3 1 5 0.5 1 1.0 1 3 2 2 1.0 3 0.0 3 
304 0.0 3 50.006147 3 0 1 0.5 0 0.5 0 3 1 5 0.5 1 1.0 1 3 2 2 1.0 1 0.0 0 
305 2.0 3 50.231630 3 0 1 0.5 0 0.5 0 3 1 5 0.5 1 1.0 1 3 2 2 1.0 3 1.0 3 
306 3.0 3 50.245877 3 0 1 0.5 0 0.5 0 3 1 5 0.5 1 1.0 1 3 2 2 1.0 3 1.0 3 
307 4.0 3 50.274756 3 0 1 0.5 0 0.5 0 3 1 5 0.5 1 1.0 1 3 2 2 1.0 3 1.0 3 
308 1.0 3 50.331830 3 0 1 0.5 0 0.5 0 3 1 5 0.5 1 1.0 1 3 2 2 1.0 3 1.0 2 
309 2.0 3 50.357754 3 0 1 0.5 0 0.5 0 3 1 5 0.5 1 1.0 1 3 2 2 1.0 3 1.0 2 
310 3.0 3 50.395237 3 0 1 0.5 0 0.5 0 3 1 5 0.5 1 1.0 1 3 2 2 1.0 3 1.0 2 
311 2.0 3 50.519886 3 0 1 0.5 0 0.5 0 3 1 5 0.5 1 1.0 1 3 2 2 1.0 1 1.0 1 
312 1.0 3 50.556962 3 0 1 0.5 0 0.5 0 3 1 5 0.5 1 1.0 1 3 2 2 1.0 1 1.0 1 
313 0.0 3 50.588298 3 0 1 0.5 0 0.5 0 3 1 5 0.5 1 1.0 1 3 2 2 1.0 1 1.0 1 
314 1.0 3 50.944304 3 0 1 0.5 0 0.5 0 3 1 5 0.5 1 1.0 1 3 2 2 1.0 1 0.0 1 
315 2.0 3 51.292737 3 0 1 0.5 0 0.5 0 3 1 5 0.5 1 1.0 1 3 2 2 1.0 3 0.0 2 
316 5.0 3 54.119508 3 0 1 0.5 0 0.5 0 3 1 5 0.5 1 0.0 1 3 2 2 1.0 3 1.0 4 
317 4.0 3 54.121223 3 0 1 0.5 0 0.5 0 3 1 5 0.5 1 0.0 1 3 2 2 1.0 3 1.0 4 
318 3.0 3 54.122519 3 0 1 0.5 0 0.5 0 3 1 5 0.5 1 0.0 1 3 2 2 1.0 3 1.0 4 
319 5.0 3 54.466935 3 0 1 0.5 0 0.5 0 3 1 5 0.5 1 0.0 1 3 2 2 0.0 4 0.0 5 
320 3.0 3 54.562702 3 0 1 0.5 0 0.5 0 3 1 5 0.5 1 0.0 1 3 2 2 0.0 2 0.0 3 
321 2.0 3 54.715179 3 0 1 0.5 0 0.5 0 3 1 5 0.5 1 0.0 1 3 2 2 1.0 3 1.0 3 
322 3.0 3 54.718012 3 0 1 0.5 0 0.5 0 3 1 5 0.5 1 0.0 1 3 2 2 1.0 3 1.0 3 
323 4.0 3 54.722143 3 0 1 0.5 0 0.5 0 3 1 5 0.5 1 0.0 1 3 2 2 1.0 3 1.0 3 
324 1.0 3 54.859033 3 0 1 0.5 0 0.5 0 3 1 5 0.5 1 0.0 1 3 2 2 1.0 1 1.0 2 
325 2.0 3 54.859342 3 0 1 0.5 0 0.5 0 3 1 5 0.5 1 0.0 1 3 2 2 1.0 1 1.0 2 
326 3.0 3 54.859654 3 0 1 0.5 0 0.5 0 3 1 5 0.5 1 0.0 1 3 2 2 1.0 1 1.0 2 
327 0.0 3 55.176167 3 0 1 0.5 0 0.5 0 3 1 5 0.5 1 0.0 1 3 2 2 1.0 1 1.0 1 
328 1.0 3 55.183560 3 0 1 0.5 0 0.5 0 3 1 5 0.5 1 0.0 1 3 2 2 1.0 1 1.0 1 
329 2.0 3 55.199164 3 0 1 0.5 0 0.5 0 3 1 5 0.5 1 0.0 1 3 2 2 1.0 1 1.0 1 
330 4.0 3 55.228156 3 0 1 0.5 0 0.5 0 3 1 5 0.5 1 0.0 1 3 2 2 0.0 4 0.0 4 
331 3.0 3 55.295880 3 0 1 0.5 0 0.5 0 3 1 5 0.5 1 0.0 1 3 2 2 1.0 3 1.0 2 
332 1.0 3 55.307262 3 0 1 0.5 0 0.5 0 3 1 5 0.5 1 0.0 1 3 2 2 1.0 1 1.0 0 
333 2.0 3 55.310532 3 0 1 0.5 0 0.5 0 3 1 5 0.5 1 0.0 1 3 2 2 1.0 3 1.0 2 
334 1.0 3 55.319794 3 0 1 0.5 0 0.5 0 3 1 5 0.5 1 0.0 1 3 2 2 1.0 3 1.0 2 
335 2.0 3 55.380043 3 0 1 0.5 0 0.5 0 3 1 5 0.5 1 0.0 1 3 2 2 0.0 2 0.0 2 
336 1.0 3 55.468113 3 0 1 0.5 0 0.5 0 3 1 5 0.5 1 0.0 1 3 2 2 0.0 2 0.0 1 
337 3.0 3 55.694620 3 0 1 0.5 0 0.5 0 3 1 5 0.5 1 0.0 1 3 2 2 0.0 4 0.0 3 
338 1.0 3 55.824343 3 0 1 0.5 0 0.5 0 3 1 5 0.5 1 0.0 1 3 2 2 0.0 0 0.0 1 
339 2.0 2 71.658270 3 1 6 0.0 0 0.0 0 3 2 2 1.0 3 1.0 3 0 0 0 0.0 0 0.0 0 
340 3.0 2 71.659765 3 1 6 0.0 0 0.0 0 3 2 2 1.0 3 1.0 3 0 0 0 0.0 0 0.0 0 
341 4.0 2 71.661747 3 1 6 0.0 0 0.0 0 3 2 2 1.0 3 1.0 3 0 0 0 0.0 0 0.0 0 
342 2.0 2 72.008604 3 1 6 0.0 0 0.0 0 3 2 2 0.0 2 0.0 2 0 0 0 0.0 0 0.0 0 
343 0.0 2 72.090743 3 1 6 0.0 0 0.0 0 3 2 2 1.0 1 1.0 1 0 0 0 0.0 0 0.0 0 
344 1.0 2 72.091245 3 1 6 0.0 0 0.0 0 3 2 2 1.0 1 1.0 1 0 0 0 0.0 0 0.0 0 
345 2.0 2 72.092262 3 1 6 0.0 0 0.0 0 3 2 2 1.0 1 1.0 1 0 0 0 0.0 0 0.0 0 
346 4.0 2 72.208012 3 1 6 0.0 0 0.0 0 3 2 2 0.0 4 0.0 4 0 0 0 0.0 0 0.0 0 
347 0.0 2 73.023057 3 1 6 0.0 0 0.0 0 3 2 2 0.0 0 0.0 0 0 0 0 0.0 0 0.0 0 
347 0.0 2 73.023057 3 1 6 0.0 0 0.0 0 3 2 2 0.0 0 0.0 0 0 0 0 0.0 0 0.0 0 
