1	1	1	2	1.5031e+01	1.0000e-21	2.4316e+01	2.1081e-17	3.9336e+01	9.1331e-18	6.3634e+01	5.1432e-18	1.0294e+02	3.3677e-18	1.6653e+02	2.2703e-18	2.6939e+02	1.5407e-18	4.3579e+02	1.0436e-18	7.0497e+02	7.1149e-19	
1	1	1	3	1.8999e+01	4.3385e-18	2.9847e+01	8.9649e-18	4.6891e+01	3.9875e-18	7.3666e+01	3.0786e-18	1.1573e+02	2.5496e-18	1.8182e+02	2.0766e-18	2.8563e+02	1.6237e-18	4.4874e+02	1.2208e-18	7.0497e+02	9.0841e-19	
1	1	1	4	1.9835e+01	5.0626e-18	3.0993e+01	3.9435e-18	4.8429e+01	3.1629e-18	7.5675e+01	3.1035e-18	1.1825e+02	2.7388e-18	1.8477e+02	2.2911e-18	2.8873e+02	1.8326e-18	4.5116e+02	1.3960e-18	7.0497e+02	1.0546e-18	
1	1	1	5	2.1747e+01	2.5661e-18	3.3593e+01	2.5974e-18	5.1892e+01	1.2538e-18	8.0158e+01	8.0513e-19	1.2382e+02	5.3447e-19	1.9127e+02	3.5152e-19	2.9545e+02	2.2958e-19	4.5638e+02	1.4919e-19	7.0497e+02	9.6900e-20	
1	1	1	6	2.4848e+01	8.1104e-19	3.7749e+01	4.3543e-19	5.7348e+01	2.8171e-19	8.7122e+01	2.7005e-19	1.3235e+02	2.4725e-19	2.0107e+02	2.1007e-19	3.0546e+02	1.7295e-19	4.6405e+02	1.3444e-19	7.0497e+02	1.0395e-19	
1	1	1	7	2.5447e+01	1.1096e-18	3.8544e+01	2.1743e-18	5.8381e+01	1.4931e-18	8.8427e+01	1.3604e-18	1.3394e+02	1.1920e-18	2.0287e+02	9.8023e-19	3.0728e+02	7.8495e-19	4.6543e+02	6.0000e-19	7.0497e+02	4.5674e-19	
1	1	1	8	2.5794e+01	1.0835e-18	3.9004e+01	9.0711e-19	5.8978e+01	4.9469e-19	8.9180e+01	3.2934e-19	1.3485e+02	2.2315e-19	2.0391e+02	1.4901e-19	3.0833e+02	9.9009e-20	4.6622e+02	6.5493e-20	7.0497e+02	4.3317e-20	
1	1	1	9	2.6429e+01	1.4976e-19	3.9842e+01	4.6906e-20	6.0063e+01	2.5667e-20	9.0546e+01	2.1671e-20	1.3650e+02	1.7398e-20	2.0577e+02	1.3011e-20	3.1021e+02	9.4973e-21	4.6764e+02	6.5928e-21	7.0497e+02	4.5612e-21	
1	1	1	10	2.7287e+01	5.5286e-19	4.0972e+01	2.9972e-18	6.1519e+01	2.4282e-18	9.2371e+01	2.3066e-18	1.3870e+02	2.0486e-18	2.0825e+02	1.6867e-18	3.1269e+02	1.3561e-18	4.6951e+02	1.0394e-18	7.0497e+02	7.9436e-19	
1	1	1	11	2.7692e+01	1.0504e-19	4.1503e+01	3.2636e-20	6.2203e+01	1.7400e-20	9.3226e+01	1.4579e-20	1.3972e+02	1.1771e-20	2.0941e+02	8.8255e-21	3.1385e+02	6.4800e-21	4.7038e+02	4.5206e-21	7.0497e+02	3.1462e-21	
1	1	1	12	2.7727e+01	6.2023e-21	4.1549e+01	1.7681e-19	6.2262e+01	1.5498e-19	9.3300e+01	1.5036e-19	1.3981e+02	1.3466e-19	2.0951e+02	1.1124e-19	3.1395e+02	8.9777e-20	4.7045e+02	6.8992e-20	7.0497e+02	5.2882e-20	
1	1	1	13	3.6313e+01	8.3319e-19	5.2611e+01	4.8246e-19	7.6224e+01	3.3736e-19	1.1043e+02	2.7208e-19	1.6000e+02	2.1720e-19	2.3181e+02	1.6097e-19	3.3585e+02	1.1973e-19	4.8659e+02	8.5288e-20	7.0497e+02	6.0868e-20	
1	1	1	14	3.7587e+01	2.2538e-20	5.4223e+01	8.0330e-20	7.8221e+01	5.2508e-20	1.1284e+02	4.6004e-20	1.6278e+02	3.9139e-20	2.3483e+02	3.1239e-20	3.3876e+02	2.4848e-20	4.8869e+02	1.9032e-20	7.0497e+02	1.4630e-20	
1	1	1	15	4.0220e+01	9.4273e-19	5.7532e+01	7.3429e-19	8.2296e+01	5.1797e-19	1.1772e+02	3.7803e-19	1.6839e+02	2.7372e-19	2.4087e+02	1.9136e-19	3.4454e+02	1.3374e-19	4.9284e+02	9.2143e-20	7.0497e+02	6.3527e-20	
1	1	1	16	4.1578e+01	1.4027e-19	5.9228e+01	7.9870e-20	8.4370e+01	4.2533e-20	1.2019e+02	3.0368e-20	1.7121e+02	2.4168e-20	2.4388e+02	2.0239e-20	3.4741e+02	1.7227e-20	4.9489e+02	1.4420e-20	7.0497e+02	1.2169e-20	
1	1	1	17	4.3343e+01	1.7449e-19	6.1422e+01	1.2884e-19	8.7043e+01	8.5790e-20	1.2335e+02	6.3222e-20	1.7480e+02	4.6722e-20	2.4772e+02	3.3545e-20	3.5104e+02	2.4101e-20	4.9747e+02	1.7068e-20	7.0497e+02	1.2094e-20	
1	1	1	18	4.3767e+01	1.3813e-19	6.1948e+01	8.6011e-20	8.7681e+01	6.2069e-20	1.2410e+02	5.3278e-20	1.7566e+02	4.5461e-20	2.4862e+02	3.5545e-20	3.5190e+02	2.7787e-20	4.9807e+02	2.0724e-20	7.0497e+02	1.5497e-20	
1	1	1	19	4.4259e+01	3.8881e-20	6.2557e+01	2.2663e-20	8.8419e+01	1.1208e-20	1.2497e+02	8.0471e-21	1.7664e+02	6.6469e-21	2.4967e+02	5.8749e-21	3.5288e+02	5.2223e-21	4.9877e+02	4.5134e-21	7.0497e+02	3.9066e-21	
1	1	1	20	4.4908e+01	8.0191e-21	6.3359e+01	2.3431e-21	8.9390e+01	1.5069e-21	1.2612e+02	1.2353e-21	1.7793e+02	1.0669e-21	2.5103e+02	9.1720e-22	3.5417e+02	8.4369e-22	4.9968e+02	7.4744e-22	7.0497e+02	6.9431e-22	
1	1	1	21	4.5655e+01	7.8187e-20	6.4280e+01	5.1322e-20	9.0503e+01	4.5177e-20	1.2742e+02	4.2065e-20	1.7940e+02	3.7849e-20	2.5259e+02	3.0940e-20	3.5563e+02	2.5269e-20	5.0071e+02	1.9649e-20	7.0497e+02	1.5362e-20	
1	1	1	22	4.6171e+01	6.1074e-21	6.4915e+01	1.7156e-21	9.1268e+01	1.0911e-21	1.2832e+02	8.7324e-22	1.8041e+02	7.2400e-22	2.5366e+02	5.8905e-22	3.5663e+02	5.0131e-22	5.0141e+02	4.1348e-22	7.0497e+02	3.5418e-22	
1	1	1	23	4.6208e+01	1.0605e-21	6.4961e+01	2.0228e-22	9.1323e+01	6.9450e-23	1.2838e+02	3.4847e-23	1.8049e+02	2.5484e-23	2.5373e+02	2.2465e-23	3.5670e+02	2.3670e-23	5.0146e+02	2.1559e-23	7.0497e+02	2.0238e-23	
1	1	1	24	5.2832e+01	1.0000e-21	7.3039e+01	3.4835e-21	1.0098e+02	1.9242e-21	1.3960e+02	1.8415e-21	1.9299e+02	1.9179e-21	2.6681e+02	1.8204e-21	3.6885e+02	1.7288e-21	5.0993e+02	1.4848e-21	7.0497e+02	1.2994e-21	
1	1	1	25	5.8421e+01	1.8816e-19	7.9757e+01	7.9456e-20	1.0889e+02	5.8557e-20	1.4865e+02	4.8626e-20	2.0294e+02	4.0198e-20	2.7706e+02	3.2729e-20	3.7824e+02	2.6143e-20	5.1638e+02	1.9892e-20	7.0497e+02	1.5139e-20	
1	1	1	26	6.0391e+01	1.0596e-21	8.2105e+01	5.8414e-22	1.1163e+02	7.0196e-22	1.5177e+02	9.9503e-22	2.0633e+02	1.2984e-21	2.8053e+02	1.4476e-21	3.8139e+02	1.5472e-21	5.1853e+02	1.4675e-21	7.0497e+02	1.3919e-21	
1	1	1	27	6.2865e+01	1.6783e-21	8.5042e+01	2.9567e-21	1.1504e+02	3.0928e-21	1.5562e+02	3.0955e-21	2.1052e+02	2.9284e-21	2.8478e+02	2.5411e-21	3.8524e+02	2.1542e-21	5.2114e+02	1.7155e-21	7.0497e+02	1.3666e-21	
1	1	1	28	6.6011e+01	8.5253e-22	8.8754e+01	2.1119e-22	1.1933e+02	1.7985e-22	1.6044e+02	2.6960e-22	2.1572e+02	3.6594e-22	2.9004e+02	4.3440e-22	3.8997e+02	4.8706e-22	5.2433e+02	4.7582e-22	7.0497e+02	4.6485e-22	
1	1	1	29	6.6343e+01	4.2265e-21	8.9144e+01	4.7885e-21	1.1978e+02	3.8452e-21	1.6095e+02	3.9582e-21	2.1626e+02	3.9352e-21	2.9059e+02	3.6972e-21	3.9046e+02	3.3933e-21	5.2466e+02	2.9376e-21	7.0497e+02	2.5437e-21	
1	1	1	30	6.6896e+01	9.6808e-22	8.9794e+01	8.3503e-22	1.2053e+02	8.4674e-22	1.6179e+02	8.3219e-22	2.1716e+02	7.7106e-22	2.9150e+02	6.6192e-22	3.9127e+02	5.5515e-22	5.2520e+02	4.4038e-22	7.0497e+02	3.4942e-22	
1	1	1	31	6.7555e+01	7.1847e-22	9.0568e+01	6.2307e-23	1.2142e+02	7.7411e-23	1.6278e+02	9.3663e-23	2.1823e+02	1.0420e-22	2.9257e+02	1.0273e-22	3.9223e+02	9.7309e-23	5.2585e+02	8.3487e-23	7.0497e+02	7.1668e-23	
1	1	1	32	6.8255e+01	2.1035e-21	9.1388e+01	1.8275e-21	1.2236e+02	1.4016e-21	1.6383e+02	1.4089e-21	2.1936e+02	1.3702e-21	2.9370e+02	1.2660e-21	3.9324e+02	1.1434e-21	5.2652e+02	9.7808e-22	7.0497e+02	8.3683e-22	
1	1	1	33	6.8815e+01	7.0728e-22	9.2044e+01	4.7171e-23	1.2311e+02	5.6649e-23	1.6467e+02	6.7706e-23	2.2026e+02	7.4396e-23	2.9460e+02	7.2871e-23	3.9405e+02	6.8581e-23	5.2706e+02	5.8650e-23	7.0497e+02	5.0182e-23	
1	1	1	34	6.8855e+01	6.6763e-22	9.2091e+01	8.3176e-25	1.2317e+02	1.0099e-24	1.6473e+02	1.1875e-24	2.2032e+02	1.2652e-24	2.9467e+02	1.1783e-24	3.9411e+02	1.0510e-24	5.2710e+02	8.4756e-25	7.0497e+02	6.8361e-25	
1	1	1	35	7.9114e+01	9.6688e-22	1.0399e+02	6.1309e-22	1.3669e+02	6.0996e-22	1.7967e+02	6.2534e-22	2.3616e+02	6.1743e-22	3.1042e+02	5.7856e-22	4.0803e+02	5.3107e-22	5.3633e+02	4.6385e-22	7.0497e+02	4.0621e-22	
1	2	1	3	3.9674e+00	9.4720e-18	7.5808e+00	8.9319e-18	1.4485e+01	4.7393e-18	2.7678e+01	1.3074e-18	5.2886e+01	4.2273e-19	1.0105e+02	1.7235e-19	1.9309e+02	8.1381e-20	3.6895e+02	4.1194e-20	7.0497e+02	2.1829e-20	
1	2	1	4	4.8031e+00	1.0270e-18	8.9609e+00	2.4073e-18	1.6718e+01	1.2113e-18	3.1190e+01	6.1611e-19	5.8190e+01	3.3265e-19	1.0856e+02	1.8258e-19	2.0254e+02	9.9108e-20	3.7787e+02	5.3488e-20	7.0497e+02	2.9480e-20	
1	2	1	5	6.7160e+00	4.6729e-20	1.2016e+01	2.9917e-18	2.1497e+01	2.2027e-18	3.8460e+01	1.7044e-18	6.8808e+01	1.2473e-18	1.2310e+02	8.6604e-19	2.2025e+02	5.7634e-19	3.9404e+02	3.7533e-19	7.0497e+02	2.4373e-19	
1	2	1	6	9.8170e+00	1.6811e-21	1.6750e+01	3.5825e-19	2.8578e+01	1.9089e-19	4.8759e+01	1.1443e-19	8.3191e+01	7.2597e-20	1.4194e+02	4.7199e-20	2.4217e+02	2.9492e-20	4.1319e+02	1.8133e-20	7.0497e+02	1.1165e-20	
1	2	1	7	1.0415e+01	3.8117e-20	1.7640e+01	7.9654e-19	2.9875e+01	2.7978e-19	5.0596e+01	1.2618e-19	8.5689e+01	6.2430e-20	1.4512e+02	3.0423e-20	2.4578e+02	1.4570e-20	4.1626e+02	7.0965e-21	7.0497e+02	3.5809e-21	
1	2	1	8	1.0763e+01	3.2897e-21	1.8154e+01	5.3351e-19	3.0619e+01	4.1704e-19	5.1644e+01	3.8099e-19	8.7107e+01	3.2331e-19	1.4692e+02	2.5536e-19	2.4781e+02	1.8665e-19	4.1797e+02	1.3198e-19	7.0497e+02	9.2224e-20	
1	2	1	9	1.1398e+01	3.0748e-21	1.9087e+01	3.2298e-19	3.1964e+01	2.1370e-19	5.3528e+01	1.7040e-19	8.9639e+01	1.3030e-19	1.5011e+02	9.5525e-20	2.5138e+02	6.7365e-20	4.2097e+02	4.6821e-20	7.0497e+02	3.2562e-20	
1	2	1	10	1.2256e+01	9.9988e-20	2.0338e+01	1.3743e-18	3.3752e+01	5.7177e-19	5.6011e+01	3.0976e-19	9.2951e+01	1.7305e-19	1.5425e+02	9.5271e-20	2.5598e+02	5.2111e-20	4.2481e+02	2.8756e-20	7.0497e+02	1.6226e-20	
1	2	1	11	1.2661e+01	1.8706e-21	2.0925e+01	1.6132e-19	3.4585e+01	1.3071e-19	5.7161e+01	1.2393e-19	9.4474e+01	9.6412e-20	1.5614e+02	6.6644e-20	2.5807e+02	4.1579e-20	4.2654e+02	2.6179e-20	7.0497e+02	1.6714e-20	
1	2	1	12	1.2696e+01	7.1339e-22	2.0976e+01	6.5523e-20	3.4657e+01	2.2549e-20	5.7260e+01	9.5815e-21	9.4606e+01	5.5586e-21	1.5631e+02	4.1210e-21	2.5825e+02	3.3461e-21	4.2669e+02	2.5525e-21	7.0497e+02	1.8697e-21	
1	2	1	13	2.1282e+01	1.7510e-17	3.2963e+01	8.9856e-18	5.1057e+01	5.2158e-18	7.9081e+01	4.4508e-18	1.2249e+02	3.7789e-18	1.8972e+02	3.1206e-18	2.9385e+02	2.4874e-18	4.5515e+02	1.8979e-18	7.0497e+02	1.4365e-18	
1	2	1	14	2.2556e+01	5.9208e-19	3.4684e+01	5.1152e-19	5.3332e+01	2.6693e-19	8.2007e+01	2.0811e-19	1.2610e+02	1.7504e-19	1.9390e+02	1.4248e-19	2.9816e+02	1.1250e-19	4.5847e+02	8.4932e-20	7.0497e+02	6.3709e-20	
1	2	1	15	2.5189e+01	2.6517e-18	3.8201e+01	1.6170e-18	5.7936e+01	1.5418e-18	8.7866e+01	1.5995e-18	1.3326e+02	1.5121e-18	2.0210e+02	1.3084e-18	3.0650e+02	1.1011e-18	4.6484e+02	8.6918e-19	7.0497e+02	6.8325e-19	
1	2	1	16	2.6547e+01	2.8162e-18	3.9997e+01	1.5340e-18	6.0263e+01	8.3717e-19	9.0797e+01	5.6193e-19	1.3680e+02	3.8199e-19	2.0612e+02	2.5500e-19	3.1055e+02	1.6959e-19	4.6790e+02	1.1245e-19	7.0497e+02	7.4626e-20	
1	2	1	17	2.8312e+01	8.3363e-19	4.2315e+01	3.2241e-19	6.3244e+01	2.5250e-19	9.4524e+01	2.6166e-19	1.4128e+02	2.5405e-19	2.1115e+02	2.2257e-19	3.1559e+02	1.9033e-19	4.7168e+02	1.5173e-19	7.0497e+02	1.2067e-19	
1	2	1	18	2.8736e+01	2.4753e-18	4.2869e+01	1.5106e-18	6.3953e+01	1.1012e-18	9.5407e+01	9.9959e-19	1.4233e+02	8.7615e-19	2.1233e+02	7.1781e-19	3.1676e+02	5.7940e-19	4.7256e+02	4.4784e-19	7.0497e+02	3.4578e-19	
1	2	1	19	2.9228e+01	9.4749e-19	4.3510e+01	4.3280e-19	6.4772e+01	2.3680e-19	9.6424e+01	1.6254e-19	1.4354e+02	1.1324e-19	2.1369e+02	7.7413e-20	3.1811e+02	5.2776e-20	4.7356e+02	3.5652e-20	7.0497e+02	2.4091e-20	
1	2	1	20	2.9877e+01	1.3954e-19	4.4355e+01	3.2404e-20	6.5848e+01	2.0628e-20	9.7758e+01	1.8454e-20	1.4513e+02	1.5552e-20	2.1546e+02	1.1935e-20	3.1986e+02	8.9980e-21	4.7486e+02	6.3812e-21	7.0497e+02	4.5213e-21	
1	2	1	21	3.0624e+01	1.7054e-18	4.5324e+01	1.0794e-18	6.7079e+01	8.6534e-19	9.9278e+01	8.0026e-19	1.4693e+02	7.0920e-19	2.1746e+02	5.8335e-19	3.2184e+02	4.7450e-19	4.7633e+02	3.6997e-19	7.0497e+02	2.8845e-19	
1	2	1	22	3.1139e+01	9.9637e-20	4.5990e+01	2.5592e-20	6.7924e+01	1.6227e-20	1.0032e+02	1.4614e-20	1.4816e+02	1.2412e-20	2.1883e+02	9.5537e-21	3.2319e+02	7.2339e-21	4.7733e+02	5.1532e-21	7.0497e+02	3.6682e-21	
1	2	1	23	3.1177e+01	6.5558e-21	4.6039e+01	9.2664e-22	6.7985e+01	3.5571e-22	1.0039e+02	2.2132e-22	1.4825e+02	1.5451e-22	2.1892e+02	1.0798e-22	3.2329e+02	7.5371e-23	4.7740e+02	5.1482e-23	7.0497e+02	3.5156e-23	
1	2	1	24	3.7801e+01	1.0000e-21	5.4492e+01	3.0735e-20	7.8554e+01	2.0140e-20	1.1324e+02	1.8828e-20	1.6324e+02	1.6695e-20	2.3533e+02	1.3400e-20	3.3924e+02	1.0645e-20	4.8903e+02	7.9159e-21	7.0497e+02	5.9046e-21	
1	2	1	25	4.3390e+01	5.0050e-18	6.1480e+01	2.1465e-18	8.7113e+01	1.5663e-18	1.2343e+02	1.2239e-18	1.7490e+02	9.5765e-19	2.4781e+02	7.2776e-19	3.5114e+02	5.4927e-19	4.9754e+02	4.0186e-19	7.0497e+02	2.9401e-19	
1	2	1	26	4.5360e+01	1.0000e-21	6.3916e+01	8.0992e-19	9.0063e+01	6.0565e-19	1.2691e+02	4.6765e-19	1.7882e+02	3.5657e-19	2.5198e+02	2.6182e-19	3.5506e+02	1.9156e-19	5.0030e+02	1.3734e-19	7.0497e+02	9.8472e-20	
1	2	1	27	4.7834e+01	1.0000e-21	6.6956e+01	1.6878e-19	9.3723e+01	8.6188e-20	1.3119e+02	5.9849e-20	1.8363e+02	4.5573e-20	2.5704e+02	3.8243e-20	3.5980e+02	3.2221e-20	5.0364e+02	2.7682e-20	7.0497e+02	2.3782e-20	
1	2	1	28	5.0980e+01	1.0000e-21	7.0793e+01	2.4329e-19	9.8308e+01	1.9011e-19	1.3652e+02	1.5065e-19	1.8958e+02	1.1755e-19	2.6326e+02	8.8242e-20	3.6558e+02	6.5866e-20	5.0766e+02	4.8031e-20	7.0497e+02	3.5025e-20	
1	2	1	29	5.1311e+01	1.0000e-21	7.1196e+01	2.3551e-19	9.8788e+01	1.5672e-19	1.3707e+02	1.2866e-19	1.9019e+02	1.0674e-19	2.6390e+02	8.4191e-20	3.6617e+02	6.5730e-20	5.0807e+02	4.9254e-20	7.0497e+02	3.6908e-20	
1	2	1	30	5.1865e+01	1.0000e-21	7.1868e+01	5.0202e-20	9.9586e+01	2.4958e-20	1.3799e+02	1.7615e-20	1.9122e+02	1.3618e-20	2.6496e+02	1.1649e-20	3.6715e+02	1.0001e-20	5.0876e+02	8.7107e-21	7.0497e+02	7.5873e-21	
1	2	1	31	5.2524e+01	1.0000e-21	7.2666e+01	5.3238e-21	1.0053e+02	3.9111e-21	1.3909e+02	3.2488e-21	1.9243e+02	2.6538e-21	2.6622e+02	2.0445e-21	3.6831e+02	1.5603e-21	5.0956e+02	1.1489e-21	7.0497e+02	8.4592e-22	
1	2	1	32	5.3223e+01	1.0000e-21	7.3512e+01	8.8226e-20	1.0154e+02	5.6172e-20	1.4024e+02	4.5413e-20	1.9370e+02	3.7241e-20	2.6754e+02	2.9367e-20	3.6953e+02	2.2920e-20	5.1040e+02	1.7221e-20	7.0497e+02	1.2939e-20	
1	2	1	33	5.3784e+01	1.0000e-21	7.4190e+01	4.0008e-21	1.0234e+02	2.9349e-21	1.4116e+02	2.4358e-21	1.9472e+02	1.9890e-21	2.6860e+02	1.5366e-21	3.7050e+02	1.1756e-21	5.1107e+02	8.6817e-22	7.0497e+02	6.4114e-22	
1	2	1	34	5.3824e+01	1.0000e-21	7.4238e+01	6.6431e-23	1.0239e+02	3.3931e-23	1.4123e+02	2.3307e-23	1.9479e+02	1.6771e-23	2.6867e+02	1.2626e-23	3.7057e+02	9.4835e-24	5.1112e+02	7.0621e-24	7.0497e+02	5.2589e-24	
1	2	1	35	6.4082e+01	4.4579e-21	8.6480e+01	8.8727e-21	1.1671e+02	6.8903e-21	1.5750e+02	6.4814e-21	2.1255e+02	6.0547e-21	2.8684e+02	5.3520e-21	3.8709e+02	4.6147e-21	5.2239e+02	3.6201e-21	7.0497e+02	2.8403e-21	
1	3	1	4	8.3569e-01	1.0000e-21	1.9400e+00	5.8814e-17	4.5038e+00	2.3654e-17	1.0455e+01	7.9590e-18	2.4272e+01	2.8880e-18	5.6347e+01	1.2441e-18	1.3081e+02	5.4501e-19	3.0367e+02	2.3740e-19	7.0497e+02	1.0706e-19	
1	3	1	5	2.7486e+00	9.4816e-17	5.4985e+00	9.6612e-17	1.1000e+01	6.7222e-17	2.2004e+01	4.3664e-17	4.4019e+01	2.6775e-17	8.8059e+01	1.5816e-17	1.7616e+02	9.0989e-18	3.5240e+02	5.1341e-18	7.0497e+02	2.9239e-18	
1	3	1	6	5.8496e+00	7.2603e-18	1.0648e+01	4.0504e-18	1.9382e+01	2.2073e-18	3.5279e+01	1.2341e-18	6.4217e+01	6.9354e-19	1.1689e+02	3.8937e-19	2.1277e+02	2.1609e-19	3.8729e+02	1.1932e-19	7.0497e+02	6.7371e-20	
1	3	1	7	6.4481e+00	1.4957e-17	1.1595e+01	1.0686e-17	2.0850e+01	5.1939e-18	3.7494e+01	2.7449e-18	6.7422e+01	1.5192e-18	1.2124e+02	8.4497e-19	2.1802e+02	4.7104e-19	3.9204e+02	2.6326e-19	7.0497e+02	1.5079e-19	
1	3	1	8	6.7956e+00	5.2554e-18	1.2140e+01	3.3235e-18	2.1688e+01	2.3622e-18	3.8744e+01	1.6529e-18	6.9215e+01	1.1379e-18	1.2365e+02	7.6438e-19	2.2090e+02	4.9301e-19	3.9462e+02	3.1350e-19	7.0497e+02	2.0088e-19	
1	3	1	9	7.4304e+00	1.4517e-17	1.3127e+01	1.3227e-17	2.3190e+01	1.0949e-17	4.0968e+01	8.6114e-18	7.2376e+01	6.4086e-18	1.2786e+02	4.5568e-18	2.2588e+02	3.0678e-18	3.9905e+02	2.0239e-18	7.0497e+02	1.3354e-18	
1	3	1	10	8.2882e+00	5.2126e-18	1.4444e+01	3.2897e-18	2.5170e+01	1.6053e-18	4.3863e+01	8.7437e-19	7.6439e+01	5.1807e-19	1.3321e+02	3.1462e-19	2.3214e+02	1.8968e-19	4.0454e+02	1.1407e-19	7.0497e+02	6.9643e-20	
1	3	1	11	8.6932e+00	3.0215e-18	1.5059e+01	2.7420e-18	2.6087e+01	2.3665e-18	4.5191e+01	1.9773e-18	7.8284e+01	1.5547e-18	1.3561e+02	1.1654e-18	2.3492e+02	8.2310e-19	4.0696e+02	5.6672e-19	7.0497e+02	3.8813e-19	
1	3	1	12	8.7284e+00	9.7535e-19	1.5113e+01	6.9011e-19	2.6166e+01	4.5103e-19	4.5305e+01	2.8685e-19	7.8443e+01	1.7969e-19	1.3582e+02	1.1057e-19	2.3516e+02	6.5702e-20	4.0716e+02	3.8676e-20	7.0497e+02	2.3089e-20	
1	3	1	13	1.7315e+01	2.8214e-18	2.7519e+01	1.9674e-18	4.3737e+01	1.0065e-18	6.9514e+01	7.3109e-19	1.1048e+02	5.5888e-19	1.7560e+02	4.2165e-19	2.7908e+02	3.0919e-19	4.4356e+02	2.2220e-19	7.0497e+02	1.5900e-19	
1	3	1	14	1.8589e+01	3.9545e-19	2.9283e+01	2.4782e-18	4.6129e+01	1.3141e-18	7.2668e+01	1.1450e-18	1.1447e+02	9.7353e-19	1.8033e+02	7.9135e-19	2.8408e+02	6.1085e-19	4.4751e+02	4.5422e-19	7.0497e+02	3.3389e-19	
1	3	1	15	2.1221e+01	2.2442e-19	3.2881e+01	2.5080e-19	5.0948e+01	2.0542e-19	7.8940e+01	1.7391e-19	1.2231e+02	1.3833e-19	1.8952e+02	1.0622e-19	2.9365e+02	7.9812e-20	4.5499e+02	5.8279e-20	7.0497e+02	4.2501e-20	
1	3	1	16	2.2579e+01	1.1789e-18	3.4715e+01	5.6091e-19	5.3373e+01	3.5317e-19	8.2060e+01	2.4562e-19	1.2617e+02	1.7360e-19	1.9398e+02	1.2123e-19	2.9823e+02	8.4316e-20	4.5853e+02	5.7899e-20	7.0497e+02	3.9930e-20	
1	3	1	17	2.4344e+01	2.7980e-20	3.7078e+01	1.6507e-20	5.6473e+01	1.2022e-20	8.6013e+01	1.0072e-20	1.3100e+02	8.1791e-21	1.9953e+02	6.3726e-21	3.0390e+02	4.8859e-21	4.6286e+02	3.6243e-21	7.0497e+02	2.6838e-21	
1	3	1	18	2.4769e+01	4.7508e-19	3.7643e+01	3.8596e-19	5.7209e+01	3.1929e-19	8.6946e+01	2.8510e-19	1.3214e+02	2.3985e-19	2.0083e+02	1.9161e-19	3.0521e+02	1.5005e-19	4.6386e+02	1.1313e-19	7.0497e+02	8.5068e-20	
1	3	1	19	2.5260e+01	2.8521e-19	3.8296e+01	1.3452e-19	5.8059e+01	7.0065e-20	8.8022e+01	4.3508e-20	1.3345e+02	2.8239e-20	2.0231e+02	1.8522e-20	3.0672e+02	1.2187e-20	4.6500e+02	8.1195e-21	7.0497e+02	5.4244e-21	
1	3	1	20	2.5910e+01	5.5473e-20	3.9156e+01	2.8975e-20	5.9175e+01	2.5075e-20	8.9429e+01	2.2182e-20	1.3515e+02	1.8136e-20	2.0425e+02	1.3625e-20	3.0867e+02	1.0062e-20	4.6648e+02	6.9890e-21	7.0497e+02	4.8540e-21	
1	3	1	21	2.6657e+01	3.5516e-19	4.0142e+01	2.2740e-19	6.0450e+01	1.9989e-19	9.1032e+01	1.8475e-19	1.3708e+02	1.5973e-19	2.0644e+02	1.2930e-19	3.1087e+02	1.0273e-19	4.6814e+02	7.8084e-20	7.0497e+02	5.9223e-20	
1	3	1	22	2.7172e+01	2.3425e-20	4.0820e+01	1.2459e-20	6.1324e+01	1.0224e-20	9.2127e+01	8.6860e-21	1.3840e+02	6.9308e-21	2.0792e+02	5.1984e-21	3.1236e+02	3.8703e-21	4.6926e+02	2.7712e-21	7.0497e+02	1.9938e-21	
1	3	1	23	2.7209e+01	1.3661e-19	4.0870e+01	7.2959e-20	6.1388e+01	6.5429e-20	9.2207e+01	6.1470e-20	1.3850e+02	5.3823e-20	2.0803e+02	4.3950e-20	3.1247e+02	3.5252e-20	4.6934e+02	2.7036e-20	7.0497e+02	2.0695e-20	
1	3	1	24	3.3833e+01	2.0115e-20	4.9453e+01	9.1950e-20	7.2285e+01	6.1265e-20	1.0566e+02	5.2841e-20	1.5444e+02	4.3322e-20	2.2574e+02	3.3203e-20	3.2996e+02	2.5278e-20	4.8230e+02	1.8340e-20	7.0497e+02	1.3349e-20	
1	3	1	25	3.9422e+01	1.0742e-19	5.6532e+01	1.0349e-19	8.1068e+01	9.8528e-20	1.1625e+02	8.2198e-20	1.6671e+02	6.6352e-20	2.3906e+02	5.0531e-20	3.4282e+02	3.8342e-20	4.9161e+02	2.8279e-20	7.0497e+02	2.0907e-20	
1	3	1	26	4.1392e+01	3.7538e-20	5.8996e+01	2.8931e-20	8.4087e+01	2.5714e-20	1.1985e+02	2.1719e-20	1.7082e+02	1.7999e-20	2.4347e+02	1.4387e-20	3.4702e+02	1.1458e-20	4.9461e+02	8.9270e-21	7.0497e+02	6.9557e-21	
1	3	1	27	4.3867e+01	7.4535e-21	6.2071e+01	3.3156e-21	8.7830e+01	2.8546e-21	1.2428e+02	3.4262e-21	1.7585e+02	4.2691e-21	2.4883e+02	4.7561e-21	3.5210e+02	5.2046e-21	4.9822e+02	4.9944e-21	7.0497e+02	4.8032e-21	
1	3	1	28	4.7012e+01	8.7929e-21	6.5949e+01	4.5048e-21	9.2513e+01	3.2274e-21	1.2978e+02	2.2769e-21	1.8205e+02	1.6146e-21	2.5538e+02	1.1528e-21	3.5825e+02	8.3845e-22	5.0255e+02	6.1223e-22	7.0497e+02	4.5205e-22	
1	3	1	29	4.7344e+01	4.3073e-21	6.6356e+01	1.5915e-21	9.3002e+01	1.2066e-21	1.3035e+02	1.1096e-21	1.8269e+02	1.0717e-21	2.5605e+02	9.6068e-22	3.5888e+02	8.5826e-22	5.0299e+02	6.9498e-22	7.0497e+02	5.6515e-22	
1	3	1	30	4.7897e+01	1.9280e-21	6.7034e+01	8.0211e-22	9.3816e+01	6.2038e-22	1.3130e+02	6.5579e-22	1.8376e+02	6.9241e-22	2.5717e+02	6.4959e-22	3.5992e+02	5.9502e-22	5.0372e+02	4.9258e-22	7.0497e+02	4.0855e-22	
1	3	1	31	4.8556e+01	5.8786e-22	6.7840e+01	3.1138e-22	9.4782e+01	4.3633e-22	1.3242e+02	5.6987e-22	1.8502e+02	7.5450e-22	2.5849e+02	9.1866e-22	3.6115e+02	1.1270e-21	5.0458e+02	1.1959e-21	7.0497e+02	1.2889e-21	
1	3	1	32	4.9256e+01	3.4725e-21	6.8694e+01	1.3872e-21	9.5805e+01	1.0500e-21	1.3361e+02	9.3976e-22	1.8634e+02	8.5542e-22	2.5988e+02	7.1574e-22	3.6245e+02	5.9265e-22	5.0548e+02	4.5461e-22	7.0497e+02	3.4920e-22	
1	3	1	33	4.9817e+01	4.2662e-22	6.9378e+01	1.9974e-22	9.6621e+01	2.5694e-22	1.3456e+02	3.1750e-22	1.8740e+02	4.0127e-22	2.6099e+02	4.6320e-22	3.6347e+02	5.3542e-22	5.0620e+02	5.3642e-22	7.0497e+02	5.4387e-22	
1	3	1	34	4.9856e+01	1.5045e-23	6.9427e+01	1.2179e-23	9.6679e+01	2.3800e-23	1.3463e+02	3.6867e-23	1.8748e+02	5.4778e-23	2.6107e+02	6.6231e-23	3.6355e+02	7.7975e-23	5.0625e+02	7.4490e-23	7.0497e+02	7.1644e-23	
1	3	1	35	6.0115e+01	7.6133e-21	8.1777e+01	4.4445e-21	1.1124e+02	3.9998e-21	1.5133e+02	3.9673e-21	2.0586e+02	3.8616e-21	2.8004e+02	3.5283e-21	3.8096e+02	3.1305e-21	5.1823e+02	2.5325e-21	7.0497e+02	2.0620e-21	
1	13	1	14	1.2740e+00	4.9503e-19	2.8056e+00	5.1815e-18	6.1788e+00	4.7615e-18	1.3608e+01	3.6330e-18	2.9968e+01	7.4763e-19	6.5999e+01	1.8551e-19	1.4535e+02	6.0130e-20	3.2011e+02	2.4912e-20	7.0497e+02	1.2036e-20	
1	13	1	15	3.9068e+00	1.9415e-17	7.4794e+00	1.2099e-17	1.4319e+01	6.1786e-18	2.7413e+01	3.1295e-18	5.2481e+01	1.6686e-18	1.0047e+02	8.8714e-19	1.9235e+02	4.6750e-19	3.6824e+02	2.4511e-19	7.0497e+02	1.3204e-19	
1	13	1	16	5.2645e+00	3.5109e-17	9.7098e+00	3.2306e-17	1.7909e+01	2.3929e-17	3.3030e+01	1.6650e-17	6.0921e+01	1.1096e-17	1.1236e+02	7.1116e-18	2.0724e+02	4.4520e-18	3.8223e+02	2.7418e-18	7.0497e+02	1.7001e-18	
1	13	1	17	7.0297e+00	1.2451e-18	1.2505e+01	1.3902e-18	2.2246e+01	7.1631e-19	3.9573e+01	3.9697e-19	7.0397e+01	2.2973e-19	1.2523e+02	1.3397e-19	2.2277e+02	7.6802e-20	3.9629e+02	4.3733e-20	7.0497e+02	2.5316e-20	
1	13	1	18	7.4539e+00	2.8788e-18	1.3163e+01	5.8370e-18	2.3245e+01	2.9461e-18	4.1049e+01	1.6419e-18	7.2490e+01	9.5279e-19	1.2801e+02	5.5156e-19	2.2606e+02	3.1795e-19	3.9921e+02	1.8329e-19	7.0497e+02	1.0765e-19	
1	13	1	19	7.9458e+00	8.7401e-19	1.3920e+01	1.3065e-18	2.4386e+01	8.9407e-19	4.2722e+01	6.0862e-19	7.4844e+01	4.1100e-19	1.3112e+02	2.7338e-19	2.2970e+02	1.7561e-19	4.0241e+02	1.1177e-19	7.0497e+02	7.1823e-20	
1	13	1	20	8.5950e+00	3.9946e-18	1.4910e+01	4.9225e-18	2.5866e+01	4.2249e-18	4.4871e+01	3.5303e-18	7.7841e+01	2.7822e-18	1.3504e+02	2.0848e-18	2.3426e+02	1.4660e-18	4.0638e+02	1.0059e-18	7.0497e+02	6.8645e-19	
1	13	1	21	9.3420e+00	1.2235e-18	1.6038e+01	1.7264e-18	2.7534e+01	8.0261e-19	4.7270e+01	4.3311e-19	8.1153e+01	2.5114e-19	1.3932e+02	1.4921e-19	2.3919e+02	8.9685e-20	4.1063e+02	5.4179e-20	7.0497e+02	3.3332e-20	
1	13	1	22	9.8572e+00	6.3697e-19	1.6810e+01	1.1260e-18	2.8665e+01	9.9943e-19	4.8883e+01	8.9131e-19	8.3361e+01	7.4061e-19	1.4216e+02	5.8042e-19	2.4242e+02	4.2547e-19	4.1340e+02	3.0230e-19	7.0497e+02	2.1266e-19	
1	13	1	23	9.8947e+00	2.3518e-19	1.6866e+01	2.2045e-19	2.8747e+01	1.5677e-19	4.9000e+01	1.0862e-19	8.3520e+01	7.2102e-20	1.4236e+02	4.6354e-20	2.4265e+02	2.8571e-20	4.1360e+02	1.7379e-20	7.0497e+02	1.0672e-20	
1	13	1	24	1.6519e+01	2.2251e-19	2.6409e+01	1.7259e-18	4.2220e+01	1.1108e-18	6.7499e+01	8.9068e-19	1.0791e+02	7.3803e-19	1.7252e+02	5.8213e-19	2.7582e+02	4.2967e-19	4.4096e+02	3.0329e-19	7.0497e+02	2.1215e-19	
1	13	1	25	2.2108e+01	3.3514e-17	3.4080e+01	2.1341e-17	5.2535e+01	1.5509e-17	8.0985e+01	1.1223e-17	1.2484e+02	7.8152e-18	1.9245e+02	5.0379e-18	2.9666e+02	3.1732e-18	4.5732e+02	1.8496e-18	7.0497e+02	1.0870e-18	
1	13	1	26	2.4078e+01	1.3518e-20	3.6722e+01	1.1795e-20	5.6008e+01	1.1940e-20	8.5422e+01	1.1474e-20	1.3028e+02	1.0283e-20	1.9871e+02	8.5341e-21	3.0306e+02	6.9536e-21	4.6222e+02	5.3560e-21	7.0497e+02	4.1327e-21	
1	13	1	29	3.0029e+01	2.3509e-19	4.4553e+01	1.8419e-19	6.6100e+01	1.5310e-19	9.8069e+01	1.2358e-19	1.4550e+02	9.8773e-20	2.1587e+02	7.5695e-20	3.2027e+02	5.7951e-20	4.7516e+02	4.3374e-20	7.0497e+02	3.2539e-20	
1	13	1	32	3.1941e+01	6.9931e-20	4.7025e+01	2.4774e-20	6.9232e+01	9.1558e-21	1.0193e+02	3.5993e-21	1.5006e+02	1.4433e-21	2.2092e+02	5.0061e-22	3.2525e+02	1.7261e-22	4.7884e+02	5.6259e-23	7.0497e+02	1.8337e-23	
1	13	1	35	4.2800e+01	2.9883e-20	6.0749e+01	9.4814e-20	8.6224e+01	7.1098e-20	1.2238e+02	6.0162e-20	1.7370e+02	5.0457e-20	2.4655e+02	3.9254e-20	3.4994e+02	3.0556e-20	4.9669e+02	2.2776e-20	7.0497e+02	1.7028e-20	
1	14	1	15	2.6329e+00	2.4013e-18	5.2954e+00	2.1268e-18	1.0650e+01	1.4314e-18	2.1421e+01	6.6987e-19	4.3083e+01	3.2785e-19	8.6650e+01	1.6581e-19	1.7428e+02	8.4568e-20	3.5051e+02	4.3308e-20	7.0497e+02	2.2880e-20	
1	14	1	16	3.9906e+00	7.6001e-18	7.6195e+00	6.0975e-18	1.4549e+01	4.5556e-18	2.7779e+01	3.1185e-18	5.3040e+01	2.0344e-18	1.0127e+02	1.2771e-18	1.9337e+02	7.8204e-19	3.6922e+02	4.6928e-19	7.0497e+02	2.8291e-19	
1	14	1	17	5.7558e+00	9.5522e-19	1.0498e+01	4.3298e-19	1.9148e+01	2.3137e-19	3.4924e+01	1.2585e-19	6.3700e+01	7.0911e-20	1.1618e+02	4.0685e-20	2.1191e+02	2.3445e-20	3.8651e+02	1.3609e-20	7.0497e+02	8.1644e-21	
1	14	1	18	6.1800e+00	4.6948e-18	1.1172e+01	2.6203e-18	2.0197e+01	1.1903e-18	3.6512e+01	5.9909e-19	6.6005e+01	3.2390e-19	1.1932e+02	1.7981e-19	2.1571e+02	1.0133e-19	3.8996e+02	5.7602e-20	7.0497e+02	3.3810e-20	
1	14	1	19	6.6719e+00	4.6074e-17	1.1946e+01	3.2012e-17	2.1391e+01	2.1670e-17	3.8302e+01	1.4122e-17	6.8582e+01	9.0126e-18	1.2280e+02	5.6357e-18	2.1988e+02	3.4499e-18	3.9371e+02	2.0970e-18	7.0497e+02	1.2994e-18	
1	14	1	20	7.3211e+00	4.6555e-17	1.2958e+01	3.3537e-17	2.2934e+01	2.3568e-17	4.0590e+01	1.5867e-17	7.1841e+01	1.0444e-17	1.2715e+02	6.7215e-18	2.2505e+02	4.2085e-18	3.9831e+02	2.6134e-18	7.0497e+02	1.6504e-18	
1	14	1	21	8.0680e+00	5.5582e-18	1.4107e+01	3.2671e-18	2.4667e+01	1.9078e-18	4.3131e+01	1.1482e-18	7.5417e+01	6.9599e-19	1.3187e+02	4.2169e-19	2.3058e+02	2.5355e-19	4.0318e+02	1.5175e-19	7.0497e+02	9.2905e-20	
1	14	1	22	8.5833e+00	4.6830e-17	1.4893e+01	3.3268e-17	2.5839e+01	2.3220e-17	4.4833e+01	1.5438e-17	7.7788e+01	1.0023e-17	1.3497e+02	6.4135e-18	2.3418e+02	4.0396e-18	4.0631e+02	2.5281e-18	7.0497e+02	1.6154e-18	
1	14	1	23	8.6208e+00	6.7216e-18	1.4949e+01	4.1800e-18	2.5924e+01	2.5775e-18	4.4955e+01	1.5604e-18	7.7958e+01	9.2998e-19	1.3519e+02	5.4867e-19	2.3443e+02	3.2043e-19	4.0653e+02	1.8687e-19	7.0497e+02	1.1195e-19	
1	14	1	24	1.5245e+01	5.1318e-19	2.4618e+01	1.8742e-18	3.9754e+01	1.3010e-18	6.4197e+01	1.0670e-18	1.0367e+02	8.2469e-19	1.6741e+02	6.0332e-19	2.7034e+02	4.1342e-19	4.3656e+02	2.7099e-19	7.0497e+02	1.7754e-19	
1	14	1	25	2.0834e+01	6.6653e-18	3.2355e+01	5.0129e-18	5.0248e+01	3.8712e-18	7.8035e+01	2.8500e-18	1.2119e+02	1.9518e-18	1.8821e+02	1.2327e-18	2.9229e+02	7.5350e-19	4.5394e+02	4.2598e-19	7.0497e+02	2.4321e-19	
1	14	1	26	2.2804e+01	3.2441e-21	3.5017e+01	3.9707e-21	5.3771e+01	3.2433e-21	8.2569e+01	3.1703e-21	1.2679e+02	3.1524e-21	1.9470e+02	2.8623e-21	2.9897e+02	2.5367e-21	4.5909e+02	2.0654e-21	7.0497e+02	1.6818e-21	
1	14	1	27	2.5278e+01	1.6694e-21	3.8320e+01	7.8634e-22	5.8090e+01	4.5535e-22	8.8060e+01	2.8379e-22	1.3349e+02	1.8107e-22	2.0237e+02	1.1690e-22	3.0677e+02	7.5537e-23	4.6504e+02	4.9266e-23	7.0497e+02	3.2613e-23	
1	14	1	28	2.8424e+01	6.0331e-20	4.2461e+01	2.0872e-20	6.3431e+01	7.3329e-21	9.4758e+01	2.7367e-21	1.4156e+02	1.0755e-21	2.1146e+02	3.7578e-22	3.1590e+02	1.3374e-22	4.7191e+02	4.8510e-23	7.0497e+02	2.0280e-23	
1	14	1	29	2.8755e+01	7.1344e-19	4.2894e+01	5.8093e-19	6.3986e+01	4.8146e-19	9.5447e+01	3.8389e-19	1.4238e+02	3.0255e-19	2.1239e+02	2.2898e-19	3.1682e+02	1.7332e-19	4.7260e+02	1.2843e-19	7.0497e+02	9.5605e-20	
1	14	1	30	2.9309e+01	3.6354e-22	4.3616e+01	1.6900e-22	6.4907e+01	9.8851e-23	9.6591e+01	6.3622e-23	1.4374e+02	4.1541e-23	2.1391e+02	2.7374e-23	3.1833e+02	1.8056e-23	4.7372e+02	1.2011e-23	7.0497e+02	8.0620e-24	
1	14	1	31	2.9968e+01	4.6615e-23	4.4473e+01	2.2388e-23	6.5998e+01	1.5871e-23	9.7943e+01	1.1476e-23	1.4535e+02	8.2919e-24	2.1570e+02	5.8123e-24	3.2011e+02	4.0650e-24	4.7504e+02	2.7850e-24	7.0497e+02	1.9222e-24	
1	14	1	32	3.0667e+01	3.6996e-19	4.5380e+01	2.8998e-19	6.7150e+01	2.3488e-19	9.9366e+01	1.8425e-19	1.4704e+02	1.4424e-19	2.1758e+02	1.0945e-19	3.2196e+02	8.3091e-20	4.7641e+02	6.1943e-20	7.0497e+02	4.6393e-20	
1	14	1	33	3.1228e+01	3.1150e-23	4.6105e+01	1.4653e-23	6.8069e+01	1.0460e-23	1.0050e+02	7.6386e-24	1.4837e+02	5.5672e-24	2.1906e+02	3.9326e-24	3.2342e+02	2.7701e-24	4.7750e+02	1.9101e-24	7.0497e+02	1.3245e-24	
1	14	1	34	3.1268e+01	2.6742e-20	4.6156e+01	9.5509e-21	6.8134e+01	3.5485e-21	1.0058e+02	1.3901e-21	1.4847e+02	5.5832e-22	2.1916e+02	1.9244e-22	3.2352e+02	6.6012e-23	4.7757e+02	2.1374e-23	7.0497e+02	6.9215e-24	
1	14	1	35	4.1526e+01	2.3684e-20	5.9163e+01	1.7539e-20	8.4292e+01	1.5223e-20	1.2009e+02	1.2762e-20	1.7110e+02	1.0664e-20	2.4377e+02	8.6074e-21	3.4730e+02	6.9756e-21	4.9481e+02	5.5134e-21	7.0497e+02	4.3855e-21	
1	24	1	25	5.5889e+00	2.3541e-20	1.0231e+01	1.0436e-20	1.8730e+01	3.6635e-21	3.4288e+01	1.0018e-21	6.2770e+01	2.2607e-22	1.1491e+02	4.2879e-23	2.1036e+02	7.5298e-24	3.8509e+02	1.2956e-24	7.0497e+02	2.3813e-25	
1	24	1	26	7.5589e+00	5.0331e-19	1.3325e+01	3.1424e-19	2.3490e+01	1.7650e-19	4.1410e+01	1.0170e-19	7.2999e+01	5.8871e-20	1.2869e+02	3.4070e-20	2.2685e+02	1.9438e-20	3.9991e+02	1.1078e-20	7.0497e+02	6.4697e-21	
1	24	1	27	1.0033e+01	1.0168e-18	1.7072e+01	8.6040e-19	2.9049e+01	6.6786e-19	4.9427e+01	4.8720e-19	8.4102e+01	3.4396e-19	1.4310e+02	2.3785e-19	2.4350e+02	1.5987e-19	4.1432e+02	1.0584e-19	7.0497e+02	7.0736e-20	
1	24	1	28	1.3179e+01	5.9865e-20	2.1673e+01	2.8852e-20	3.5641e+01	1.4512e-20	5.8613e+01	7.7828e-21	9.6389e+01	4.7945e-21	1.5851e+02	2.9687e-21	2.6068e+02	1.8392e-21	4.2868e+02	1.1316e-21	7.0497e+02	7.1110e-22	
1	24	1	29	1.3511e+01	1.0009e-18	2.2150e+01	5.5081e-19	3.6312e+01	3.2076e-19	5.9530e+01	1.9176e-19	9.7595e+01	1.1480e-19	1.6000e+02	6.8967e-20	2.6230e+02	4.1593e-20	4.3002e+02	2.5162e-20	7.0497e+02	1.5607e-20	
1	24	1	30	1.4064e+01	1.5468e-19	2.2942e+01	1.0325e-19	3.7422e+01	6.7880e-20	6.1043e+01	4.4411e-20	9.9573e+01	2.9143e-20	1.6242e+02	1.9018e-20	2.6495e+02	1.2325e-20	4.3218e+02	7.9634e-21	7.0497e+02	5.2482e-21	
1	24	1	31	1.4723e+01	3.1746e-18	2.3879e+01	2.2224e-18	3.8730e+01	1.5424e-18	6.2815e+01	1.0667e-18	1.0188e+02	7.2670e-19	1.6524e+02	4.9232e-19	2.6800e+02	3.3121e-19	4.3466e+02	2.2066e-19	7.0497e+02	1.5012e-19	
1	24	1	32	1.5423e+01	3.2018e-19	2.4869e+01	1.6493e-19	4.0102e+01	9.5120e-20	6.4664e+01	5.6248e-20	1.0427e+02	3.3663e-20	1.6814e+02	2.0353e-20	2.7112e+02	1.2396e-20	4.3719e+02	7.5985e-21	7.0497e+02	4.7777e-21	
1	24	1	33	1.5983e+01	6.9039e-19	2.5659e+01	5.1520e-19	4.1190e+01	3.8155e-19	6.6124e+01	2.7952e-19	1.0615e+02	1.9967e-19	1.7041e+02	1.4078e-19	2.7356e+02	9.8188e-20	4.3915e+02	6.7385e-20	7.0497e+02	4.7011e-20	
1	24	1	34	1.6023e+01	3.0034e-20	2.5714e+01	1.7948e-20	4.1267e+01	1.2028e-20	6.6226e+01	8.0446e-21	1.0628e+02	5.2612e-21	1.7056e+02	3.3946e-21	2.7373e+02	2.1625e-21	4.3928e+02	1.3612e-21	7.0497e+02	8.7373e-22	
1	24	1	35	2.6282e+01	3.5433e-18	3.9648e+01	2.8816e-18	5.9811e+01	2.4162e-18	9.0229e+01	1.9281e-18	1.3612e+02	1.4892e-18	2.0534e+02	1.0619e-18	3.0977e+02	7.5910e-19	4.6731e+02	5.1208e-19	7.0497e+02	3.5309e-19	
1	25	1	26	1.9700e+00	1.0000e-21	4.1085e+00	1.0000e-21	8.5683e+00	2.6076e-17	1.7869e+01	1.5341e-17	3.7267e+01	7.9817e-18	7.7720e+01	4.0686e-18	1.6209e+02	2.0521e-18	3.3803e+02	1.0077e-18	7.0497e+02	4.9832e-19	
1	25	1	27	4.4444e+00	1.0000e-21	8.3726e+00	1.0000e-21	1.5773e+01	2.3650e-17	2.9713e+01	2.2144e-17	5.5975e+01	1.9118e-17	1.0545e+02	1.4531e-17	1.9865e+02	1.0224e-17	3.7422e+02	6.8256e-18	7.0497e+02	4.4312e-18	
1	25	1	28	7.5901e+00	1.0000e-21	1.3373e+01	1.0000e-21	2.3563e+01	8.0102e-19	4.1516e+01	3.4139e-19	7.3149e+01	1.9660e-19	1.2888e+02	1.2549e-19	2.2709e+02	7.6957e-20	4.0011e+02	4.6033e-20	7.0497e+02	2.7245e-20	
1	25	1	29	7.9218e+00	1.0000e-21	1.3883e+01	1.0000e-21	2.4331e+01	1.2370e-17	4.2641e+01	7.8092e-18	7.4731e+01	4.9845e-18	1.3097e+02	3.0348e-18	2.2953e+02	1.7861e-18	4.0226e+02	1.0384e-18	7.0497e+02	6.0475e-19	
1	25	1	30	8.4753e+00	1.0000e-21	1.4728e+01	5.5737e-18	2.5595e+01	1.9072e-18	4.4480e+01	1.3314e-18	7.7297e+01	9.4991e-19	1.3433e+02	6.4057e-19	2.3344e+02	4.0903e-19	4.0567e+02	2.5756e-19	7.0497e+02	1.6193e-19	
1	25	1	31	9.1342e+00	1.0000e-21	1.5726e+01	5.7791e-18	2.7074e+01	3.2738e-18	4.6610e+01	3.9540e-18	8.0246e+01	4.2729e-18	1.3815e+02	3.9582e-18	2.3785e+02	3.1902e-18	4.0948e+02	2.4422e-18	7.0497e+02	1.7995e-18	
1	25	1	32	9.8337e+00	1.0000e-21	1.6774e+01	8.6833e-18	2.8614e+01	3.3199e-18	4.8810e+01	1.9206e-18	8.3261e+01	1.1757e-18	1.4203e+02	7.0715e-19	2.4227e+02	4.1799e-19	4.1328e+02	2.4611e-19	7.0497e+02	1.4563e-19	
1	25	1	33	1.0394e+01	1.0000e-21	1.7609e+01	4.0315e-18	2.9829e+01	2.6443e-18	5.0532e+01	2.8712e-18	8.5603e+01	2.8083e-18	1.4501e+02	2.4390e-18	2.4566e+02	1.8978e-18	4.1615e+02	1.4165e-18	7.0497e+02	1.0291e-18	
1	25	1	34	1.0434e+01	1.0000e-21	1.7667e+01	1.9635e-19	2.9915e+01	1.2219e-19	5.0653e+01	1.3597e-19	8.5766e+01	1.2272e-19	1.4522e+02	9.4797e-20	2.4589e+02	6.4235e-20	4.1635e+02	4.1520e-20	7.0497e+02	2.6072e-20	
1	25	1	35	2.0693e+01	1.0000e-21	3.2163e+01	3.3441e-18	4.9993e+01	1.0321e-18	7.7705e+01	6.0662e-19	1.2078e+02	4.5642e-19	1.8773e+02	3.6947e-19	2.9180e+02	3.1993e-19	4.5355e+02	2.7767e-19	7.0497e+02	2.5666e-19	
