1 1.5 2 -1.392402 3 0 2 0.0 0 0.0 0 3 1 5 0.5 1 0.5 1 0 0 0 0.0 0 0.0 0 
2 0.5 2 -1.228663 3 0 2 0.0 0 0.0 0 3 1 5 0.5 1 0.5 1 0 0 0 0.0 0 0.0 0 
3 0.5 2 13.490222 3 0 1 0.5 0 0.5 0 3 1 6 0.0 0 0.5 0 0 0 0 0.0 0 0.0 0 
4 3.5 3 15.953764 3 0 2 0.0 0 0.0 0 3 1 4 1.0 1 1.0 1 3 2 1 0.5 2 1.5 2 
5 2.5 3 15.970857 3 0 2 0.0 0 0.0 0 3 1 4 1.0 1 1.0 1 3 2 1 0.5 2 1.5 2 
6 1.5 3 15.987936 3 0 2 0.0 0 0.0 0 3 1 4 1.0 1 1.0 1 3 2 1 0.5 2 1.5 2 
7 0.5 3 16.000441 3 0 2 0.0 0 0.0 0 3 1 4 1.0 1 1.0 1 3 2 1 0.5 2 1.5 2 
8 2.5 3 16.411925 3 0 2 0.0 0 0.0 0 3 1 4 1.0 1 1.0 1 4 0 1 0.5 0 1.5 1 
9 1.5 3 16.505615 3 0 2 0.0 0 0.0 0 3 1 4 1.0 1 1.0 1 4 0 1 0.5 0 1.5 1 
10 0.5 3 16.562040 3 0 2 0.0 0 0.0 0 3 1 4 1.0 1 1.0 1 4 0 1 0.5 0 1.5 1 
11 1.5 3 16.866350 3 0 2 0.0 0 0.0 0 3 1 4 1.0 1 1.0 1 4 0 1 0.5 0 0.5 1 
12 0.5 3 16.966004 3 0 2 0.0 0 0.0 0 3 1 4 1.0 1 1.0 1 4 0 1 0.5 0 0.5 1 
13 4.5 3 17.028024 3 0 2 0.0 0 0.0 0 3 1 4 1.0 1 1.0 1 3 2 1 0.5 2 1.5 3 
14 3.5 3 17.088668 3 0 2 0.0 0 0.0 0 3 1 4 1.0 1 1.0 1 3 2 1 0.5 2 1.5 3 
15 2.5 3 17.133757 3 0 2 0.0 0 0.0 0 3 1 4 1.0 1 1.0 1 3 2 1 0.5 2 1.5 3 
16 1.5 3 17.164351 3 0 2 0.0 0 0.0 0 3 1 4 1.0 1 1.0 1 3 2 1 0.5 2 1.5 3 
17 0.5 3 17.352976 3 0 2 0.0 0 0.0 0 3 1 4 1.0 1 1.0 1 3 2 1 0.5 2 0.5 1 
18 0.5 3 17.412991 3 0 2 0.0 0 0.0 0 3 1 4 1.0 1 1.0 1 3 2 1 0.5 2 1.5 1 
19 1.5 3 17.413448 3 0 2 0.0 0 0.0 0 3 1 4 1.0 1 1.0 1 3 2 1 0.5 2 1.5 1 
20 1.5 3 17.475056 3 0 2 0.0 0 0.0 0 3 1 4 1.0 1 1.0 1 3 2 1 0.5 2 0.5 1 
21 2.5 3 17.477766 3 0 2 0.0 0 0.0 0 3 1 4 1.0 1 1.0 1 3 2 1 0.5 2 1.5 1 
22 3.5 3 17.743280 3 0 2 0.0 0 0.0 0 3 1 4 1.0 1 1.0 1 3 2 1 0.5 2 0.5 3 
23 1.5 3 17.768280 3 0 2 0.0 0 0.0 0 3 1 4 0.0 2 0.0 2 3 2 1 0.5 2 0.5 2 
24 2.5 3 17.819539 3 0 2 0.0 0 0.0 0 3 1 4 1.0 1 1.0 1 3 2 1 0.5 2 0.5 3 
25 2.5 3 17.881810 3 0 2 0.0 0 0.0 0 3 1 4 0.0 2 0.0 2 3 2 1 0.5 2 0.5 2 
26 1.5 3 18.366492 3 0 2 0.0 0 0.0 0 3 1 4 0.0 2 0.0 2 4 0 1 0.5 0 0.5 2 
27 2.5 3 18.379644 3 0 2 0.0 0 0.0 0 3 1 4 0.0 2 0.0 2 4 0 1 0.5 0 0.5 2 
28 3.5 3 18.540348 3 0 2 0.0 0 0.0 0 3 1 4 0.0 2 0.0 2 3 2 1 0.5 2 0.5 4 
29 4.5 3 18.541382 3 0 2 0.0 0 0.0 0 3 1 4 0.0 2 0.0 2 3 2 1 0.5 2 0.5 4 
30 2.5 3 18.986092 3 0 2 0.0 0 0.0 0 3 1 4 1.0 1 1.0 1 4 1 1 0.5 1 1.5 1 
31 1.5 3 19.024480 3 0 2 0.0 0 0.0 0 3 1 4 1.0 1 1.0 1 4 1 1 0.5 1 1.5 1 
32 0.5 3 19.066457 3 0 2 0.0 0 0.0 0 3 1 4 1.0 1 1.0 1 4 1 1 0.5 1 1.5 1 
33 3.5 3 19.257314 3 0 2 0.0 0 0.0 0 3 1 4 1.0 1 1.0 1 4 1 1 0.5 1 1.5 2 
34 2.5 3 19.311769 3 0 2 0.0 0 0.0 0 3 1 4 1.0 1 1.0 1 4 1 1 0.5 1 1.5 2 
35 2.5 3 19.362626 3 0 2 0.0 0 0.0 0 3 1 4 0.0 2 0.0 2 3 2 1 0.5 2 0.5 3 
36 1.5 3 19.369387 3 0 2 0.0 0 0.0 0 3 1 4 1.0 1 1.0 1 4 1 1 0.5 1 1.5 2 
37 3.5 3 19.384114 3 0 2 0.0 0 0.0 0 3 1 4 0.0 2 0.0 2 3 2 1 0.5 2 0.5 3 
38 0.5 3 19.400197 3 0 2 0.0 0 0.0 0 3 1 4 1.0 1 1.0 1 4 1 1 0.5 1 1.5 2 
39 2.5 3 19.434821 3 0 2 0.0 0 0.0 0 3 1 4 1.0 1 1.0 1 4 1 1 0.5 1 0.5 2 
40 1.5 3 19.514970 3 0 2 0.0 0 0.0 0 3 1 4 1.0 1 1.0 1 4 1 1 0.5 1 0.5 2 
41 0.5 3 19.569689 3 0 2 0.0 0 0.0 0 3 1 4 1.0 1 1.0 1 4 1 1 0.5 1 0.5 1 
42 1.5 3 19.639895 3 0 2 0.0 0 0.0 0 3 1 4 1.0 1 1.0 1 4 1 1 0.5 1 0.5 1 
43 1.5 3 19.670875 3 0 2 0.0 0 0.0 0 3 1 4 1.0 1 1.0 1 4 1 1 0.5 1 1.5 0 
44 0.5 3 19.716057 3 0 2 0.0 0 0.0 0 3 1 4 1.0 1 1.0 1 4 1 1 0.5 1 0.5 0 
45 0.5 3 19.895442 3 0 2 0.0 0 0.0 0 3 1 4 0.0 0 0.0 0 4 0 1 0.5 0 0.5 0 
46 2.5 3 20.613869 3 0 2 0.0 0 0.0 0 3 1 4 1.0 1 1.0 1 3 2 1 0.5 2 0.5 2 
47 1.5 3 20.643914 3 0 2 0.0 0 0.0 0 3 1 4 1.0 1 1.0 1 3 2 1 0.5 2 0.5 2 
48 2.5 3 20.895310 3 0 2 0.0 0 0.0 0 3 1 4 0.0 2 0.0 2 4 1 1 0.5 1 0.5 3 
49 3.5 3 20.906033 3 0 2 0.0 0 0.0 0 3 1 4 0.0 2 0.0 2 4 1 1 0.5 1 0.5 3 
50 1.5 3 21.116100 3 0 2 0.0 0 0.0 0 3 1 4 0.0 2 0.0 2 4 1 1 0.5 1 0.5 1 
51 0.5 3 21.187743 3 0 2 0.0 0 0.0 0 3 1 4 0.0 2 0.0 2 4 1 1 0.5 1 0.5 1 
52 1.5 3 21.203997 3 0 2 0.0 0 0.0 0 3 1 4 0.0 2 0.0 2 4 1 1 0.5 1 0.5 2 
53 2.5 3 21.205584 3 0 2 0.0 0 0.0 0 3 1 4 0.0 2 0.0 2 4 1 1 0.5 1 0.5 2 
54 1.5 3 21.205763 3 0 2 0.0 0 0.0 0 3 1 4 0.0 2 0.0 2 3 2 1 0.5 2 0.5 1 
55 0.5 3 21.259575 3 0 2 0.0 0 0.0 0 3 1 4 0.0 2 0.0 2 3 2 1 0.5 2 0.5 1 
56 2.5 3 21.519783 3 0 2 0.0 0 0.0 0 3 1 4 0.0 0 0.0 0 3 2 1 0.5 2 0.5 2 
57 1.5 3 21.595767 3 0 2 0.0 0 0.0 0 3 1 4 0.0 0 0.0 0 3 2 1 0.5 2 0.5 2 
58 0.5 3 21.868655 3 0 2 0.0 0 0.0 0 3 1 4 0.0 2 0.0 2 3 2 1 0.5 2 0.5 0 
59 2.5 3 22.338732 3 0 2 0.0 0 0.0 0 3 1 4 1.0 1 1.0 1 5 0 1 0.5 0 1.5 1 
60 1.5 3 22.411332 3 0 2 0.0 0 0.0 0 3 1 4 1.0 1 1.0 1 5 0 1 0.5 0 1.5 1 
61 0.5 3 22.495905 3 0 2 0.0 0 0.0 0 3 1 4 1.0 1 1.0 1 5 0 1 0.5 0 1.5 1 
62 1.5 3 22.512471 3 0 2 0.0 0 0.0 0 3 1 4 1.0 1 1.0 1 5 0 1 0.5 0 0.5 1 
63 0.5 3 22.608699 3 0 2 0.0 0 0.0 0 3 1 4 1.0 1 1.0 1 5 0 1 0.5 0 0.5 1 
64 3.5 3 22.642006 3 0 2 0.0 0 0.0 0 3 1 4 1.0 1 1.0 1 4 2 1 0.5 2 1.5 2 
65 2.5 3 22.655839 3 0 2 0.0 0 0.0 0 3 1 4 1.0 1 1.0 1 4 2 1 0.5 2 1.5 2 
66 1.5 3 22.678034 3 0 2 0.0 0 0.0 0 3 1 4 1.0 1 1.0 1 4 2 1 0.5 2 1.5 2 
67 0.5 3 22.700556 3 0 2 0.0 0 0.0 0 3 1 4 1.0 1 1.0 1 4 2 1 0.5 2 1.5 2 
68 0.5 3 22.701884 3 0 2 0.0 0 0.0 0 3 1 4 0.0 0 0.0 0 4 1 1 0.5 1 0.5 1 
69 1.5 3 22.705851 3 0 2 0.0 0 0.0 0 3 1 4 0.0 0 0.0 0 4 1 1 0.5 1 0.5 1 
70 4.5 3 22.791525 3 0 2 0.0 0 0.0 0 3 1 4 1.0 1 1.0 1 4 2 1 0.5 2 1.5 3 
71 3.5 3 22.856312 3 0 2 0.0 0 0.0 0 3 1 4 1.0 1 1.0 1 4 2 1 0.5 2 1.5 3 
72 2.5 3 22.906677 3 0 2 0.0 0 0.0 0 3 1 4 1.0 1 1.0 1 4 2 1 0.5 2 1.5 3 
73 0.5 3 22.916759 3 0 2 0.0 0 0.0 0 3 1 4 1.0 1 1.0 1 4 2 1 0.5 2 1.5 1 
74 1.5 3 22.936736 3 0 2 0.0 0 0.0 0 3 1 4 1.0 1 1.0 1 4 2 1 0.5 2 1.5 3 
75 1.5 3 22.955351 3 0 2 0.0 0 0.0 0 3 1 4 1.0 1 1.0 1 4 2 1 0.5 2 1.5 1 
76 2.5 3 23.004353 3 0 2 0.0 0 0.0 0 3 1 4 1.0 1 1.0 1 4 2 1 0.5 2 1.5 1 
77 3.5 3 23.017950 3 0 2 0.0 0 0.0 0 3 1 4 1.0 1 1.0 1 4 2 1 0.5 2 0.5 3 
78 2.5 3 23.109735 3 0 2 0.0 0 0.0 0 3 1 4 1.0 1 1.0 1 4 2 1 0.5 2 0.5 3 
79 2.5 3 23.209508 3 0 2 0.0 0 0.0 0 3 1 4 1.0 1 1.0 1 5 1 1 0.5 1 1.5 1 
80 1.5 3 23.242378 3 0 2 0.0 0 0.0 0 3 1 4 1.0 1 1.0 1 5 1 1 0.5 1 1.5 1 
81 3.5 3 23.286690 3 0 2 0.0 0 0.0 0 3 1 4 1.0 1 1.0 1 5 1 1 0.5 1 1.5 2 
82 0.5 3 23.291567 3 0 2 0.0 0 0.0 0 3 1 4 1.0 1 1.0 1 5 1 1 0.5 1 1.5 1 
83 2.5 3 23.316562 3 0 2 0.0 0 0.0 0 3 1 4 1.0 1 1.0 1 5 1 1 0.5 1 0.5 2 
84 1.5 3 23.392843 3 0 2 0.0 0 0.0 0 3 1 4 1.0 1 1.0 1 5 1 1 0.5 1 1.5 2 
85 2.5 3 23.414749 3 0 2 0.0 0 0.0 0 3 1 4 1.0 1 1.0 1 5 1 1 0.5 1 1.5 2 
86 0.5 3 23.437771 3 0 2 0.0 0 0.0 0 3 1 4 1.0 1 1.0 1 5 1 1 0.5 1 1.5 2 
87 0.5 3 23.456962 3 0 2 0.0 0 0.0 0 3 1 4 1.0 1 1.0 1 5 1 1 0.5 1 0.5 0 
88 1.5 3 23.469777 3 0 2 0.0 0 0.0 0 3 1 4 1.0 1 1.0 1 5 1 1 0.5 1 0.5 2 
89 1.5 3 23.481596 3 0 2 0.0 0 0.0 0 3 1 4 1.0 1 1.0 1 5 1 1 0.5 1 1.5 0 
90 0.5 3 23.485294 3 0 2 0.0 0 0.0 0 3 1 4 1.0 1 1.0 1 4 2 1 0.5 2 0.5 1 
91 1.5 3 23.571219 3 0 2 0.0 0 0.0 0 3 1 4 1.0 1 1.0 1 4 2 1 0.5 2 0.5 1 
92 1.5 3 23.610181 3 0 2 0.0 0 0.0 0 3 1 4 1.0 1 1.0 1 5 1 1 0.5 1 0.5 1 
93 0.5 3 23.651866 3 0 2 0.0 0 0.0 0 3 1 4 1.0 1 1.0 1 5 1 1 0.5 1 0.5 1 
94 1.5 3 23.796335 3 0 2 0.0 0 0.0 0 3 1 4 1.0 1 1.0 1 4 2 1 0.5 2 0.5 2 
95 2.5 3 23.805890 3 0 2 0.0 0 0.0 0 3 1 4 1.0 1 1.0 1 4 2 1 0.5 2 0.5 2 
96 4.5 3 23.918744 3 0 2 0.0 0 0.0 0 3 1 4 1.0 1 1.0 1 4 3 1 0.5 3 1.5 3 
97 3.5 3 23.920752 3 0 2 0.0 0 0.0 0 3 1 4 1.0 1 1.0 1 4 3 1 0.5 3 1.5 3 
98 2.5 3 23.924447 3 0 2 0.0 0 0.0 0 3 1 4 1.0 1 1.0 1 4 3 1 0.5 3 1.5 3 
99 3.5 3 23.925678 3 0 2 0.0 0 0.0 0 3 1 4 1.0 1 1.0 1 4 3 1 0.5 3 0.5 3 
100 1.5 3 23.939726 3 0 2 0.0 0 0.0 0 3 1 4 1.0 1 1.0 1 4 3 1 0.5 3 1.5 3 
101 2.5 3 23.942173 3 0 2 0.0 0 0.0 0 3 1 4 1.0 1 1.0 1 4 3 1 0.5 3 0.5 3 
102 5.5 3 23.953942 3 0 2 0.0 0 0.0 0 3 1 4 1.0 1 1.0 1 4 3 1 0.5 3 1.5 4 
103 4.5 3 23.955172 3 0 2 0.0 0 0.0 0 3 1 4 1.0 1 1.0 1 4 3 1 0.5 3 0.5 4 
104 0.5 3 23.969455 3 0 2 0.0 0 0.0 0 3 1 4 1.0 1 1.0 1 4 3 1 0.5 3 1.5 2 
105 1.5 3 23.970853 3 0 2 0.0 0 0.0 0 3 1 4 1.0 1 1.0 1 4 3 1 0.5 3 0.5 2 
106 1.5 3 24.063734 3 0 2 0.0 0 0.0 0 3 1 4 1.0 1 1.0 1 4 3 1 0.5 3 1.5 2 
107 2.5 3 24.064868 3 0 2 0.0 0 0.0 0 3 1 4 1.0 1 1.0 1 4 3 1 0.5 3 1.5 2 
108 4.5 3 24.068557 3 0 2 0.0 0 0.0 0 3 1 4 1.0 1 1.0 1 4 3 1 0.5 3 1.5 4 
109 3.5 3 24.069859 3 0 2 0.0 0 0.0 0 3 1 4 1.0 1 1.0 1 4 3 1 0.5 3 1.5 4 
110 2.5 3 24.080527 3 0 2 0.0 0 0.0 0 3 1 4 0.0 2 0.0 2 5 0 1 0.5 0 0.5 2 
111 1.5 3 24.080819 3 0 2 0.0 0 0.0 0 3 1 4 0.0 2 0.0 2 5 0 1 0.5 0 0.5 2 
112 3.5 3 24.089956 3 0 2 0.0 0 0.0 0 3 1 4 1.0 1 1.0 1 4 3 1 0.5 3 1.5 2 
113 2.5 3 24.090475 3 0 2 0.0 0 0.0 0 3 1 4 1.0 1 1.0 1 4 3 1 0.5 3 1.5 4 
114 3.5 3 24.127212 3 0 2 0.0 0 0.0 0 3 1 4 1.0 1 1.0 1 4 3 1 0.5 3 0.5 4 
115 2.5 3 24.127695 3 0 2 0.0 0 0.0 0 3 1 4 1.0 1 1.0 1 4 3 1 0.5 3 0.5 2 
116 3.5 3 24.447730 3 0 2 0.0 0 0.0 0 3 1 4 0.0 2 0.0 2 4 2 1 0.5 2 0.5 4 
117 4.5 3 24.448382 3 0 2 0.0 0 0.0 0 3 1 4 0.0 2 0.0 2 4 2 1 0.5 2 0.5 4 
118 0.5 3 24.561891 3 0 2 0.0 0 0.0 0 3 1 4 1.0 1 1.0 1 5 2 1 0.5 2 0.5 1 
119 1.5 3 24.569550 3 0 2 0.0 0 0.0 0 3 1 4 1.0 1 1.0 1 5 2 1 0.5 2 0.5 1 
120 2.5 3 24.585052 3 0 2 0.0 0 0.0 0 3 1 4 0.0 2 0.0 2 4 2 1 0.5 2 0.5 2 
121 3.5 3 24.610694 3 0 2 0.0 0 0.0 0 3 1 4 1.0 1 1.0 1 5 2 1 0.5 2 1.5 2 
122 2.5 3 24.619181 3 0 2 0.0 0 0.0 0 3 1 4 1.0 1 1.0 1 5 2 1 0.5 2 1.5 2 
123 3.5 3 24.634827 3 0 2 0.0 0 0.0 0 3 1 4 0.0 2 0.0 2 4 2 1 0.5 2 0.5 3 
124 1.5 3 24.635398 3 0 2 0.0 0 0.0 0 3 1 4 0.0 2 0.0 2 4 2 1 0.5 2 0.5 2 
125 1.5 3 24.641287 3 0 2 0.0 0 0.0 0 3 1 4 1.0 1 1.0 1 5 2 1 0.5 2 1.5 2 
126 2.5 3 24.649524 3 0 2 0.0 0 0.0 0 3 1 4 0.0 2 0.0 2 4 2 1 0.5 2 0.5 3 
127 4.5 3 24.657691 3 0 2 0.0 0 0.0 0 3 1 4 1.0 1 1.0 1 5 2 1 0.5 2 1.5 3 
128 0.5 3 24.668727 3 0 2 0.0 0 0.0 0 3 1 4 1.0 1 1.0 1 5 2 1 0.5 2 1.5 2 
129 3.5 3 24.723332 3 0 2 0.0 0 0.0 0 3 1 4 1.0 1 1.0 1 5 2 1 0.5 2 1.5 3 
130 0.5 3 24.737674 3 0 2 0.0 0 0.0 0 3 1 4 1.0 1 1.0 1 5 2 1 0.5 2 1.5 1 
131 1.5 3 24.772466 3 0 2 0.0 0 0.0 0 3 1 4 1.0 1 1.0 1 5 2 1 0.5 2 1.5 1 
132 2.5 3 24.774513 3 0 2 0.0 0 0.0 0 3 1 4 1.0 1 1.0 1 5 2 1 0.5 2 1.5 3 
133 3.5 3 24.812726 3 0 2 0.0 0 0.0 0 3 1 4 1.0 1 1.0 1 5 2 1 0.5 2 0.5 3 
134 1.5 3 24.814241 3 0 2 0.0 0 0.0 0 3 1 4 1.0 1 1.0 1 5 2 1 0.5 2 1.5 3 
135 2.5 3 24.821546 3 0 2 0.0 0 0.0 0 3 1 4 1.0 1 1.0 1 5 2 1 0.5 2 1.5 1 
136 2.5 3 24.881943 3 0 2 0.0 0 0.0 0 3 1 4 1.0 1 1.0 1 5 2 1 0.5 2 0.5 3 
137 2.5 3 24.972247 3 0 2 0.0 0 0.0 0 3 1 4 0.0 2 0.0 2 5 1 1 0.5 1 0.5 3 
138 3.5 3 24.976373 3 0 2 0.0 0 0.0 0 3 1 4 0.0 2 0.0 2 5 1 1 0.5 1 0.5 3 
139 1.5 3 25.041963 3 0 2 0.0 0 0.0 0 3 1 4 0.0 2 0.0 2 5 1 1 0.5 1 0.5 1 
140 0.5 3 25.067761 3 0 2 0.0 0 0.0 0 3 1 4 0.0 2 0.0 2 5 1 1 0.5 1 0.5 1 
141 1.5 3 25.072325 3 0 2 0.0 0 0.0 0 3 1 4 0.0 2 0.0 2 5 1 1 0.5 1 0.5 2 
142 2.5 3 25.072614 3 0 2 0.0 0 0.0 0 3 1 4 0.0 2 0.0 2 5 1 1 0.5 1 0.5 2 
143 4.5 3 25.181455 3 0 2 0.0 0 0.0 0 3 1 4 1.0 1 1.0 1 5 3 1 0.5 3 1.5 3 
144 3.5 3 25.182627 3 0 2 0.0 0 0.0 0 3 1 4 1.0 1 1.0 1 5 3 1 0.5 3 1.5 3 
145 2.5 3 25.185053 3 0 2 0.0 0 0.0 0 3 1 4 1.0 1 1.0 1 5 3 1 0.5 3 1.5 3 
146 3.5 3 25.186227 3 0 2 0.0 0 0.0 0 3 1 4 1.0 1 1.0 1 5 3 1 0.5 3 0.5 3 
147 1.5 3 25.193534 3 0 2 0.0 0 0.0 0 3 1 4 1.0 1 1.0 1 5 3 1 0.5 3 1.5 3 
148 2.5 3 25.195140 3 0 2 0.0 0 0.0 0 3 1 4 1.0 1 1.0 1 5 3 1 0.5 3 1.5 2 
149 5.5 3 25.198361 3 0 2 0.0 0 0.0 0 3 1 4 1.0 1 1.0 1 5 3 1 0.5 3 1.5 4 
150 4.5 3 25.199356 3 0 2 0.0 0 0.0 0 3 1 4 1.0 1 1.0 1 5 3 1 0.5 3 0.5 4 
151 0.5 3 25.206053 3 0 2 0.0 0 0.0 0 3 1 4 1.0 1 1.0 1 5 3 1 0.5 3 1.5 2 
152 1.5 3 25.207399 3 0 2 0.0 0 0.0 0 3 1 4 1.0 1 1.0 1 5 3 1 0.5 3 0.5 2 
153 5.5 3 25.223863 3 0 2 0.0 0 0.0 0 3 1 4 1.0 1 1.0 1 5 4 1 0.5 4 1.5 4 
154 4.5 3 25.223870 3 0 2 0.0 0 0.0 0 3 1 4 1.0 1 1.0 1 5 4 1 0.5 4 0.5 4 
155 3.5 3 25.223977 3 0 2 0.0 0 0.0 0 3 1 4 1.0 1 1.0 1 5 4 1 0.5 4 1.5 4 
156 4.5 3 25.223991 3 0 2 0.0 0 0.0 0 3 1 4 1.0 1 1.0 1 5 4 1 0.5 4 1.5 4 
157 2.5 3 25.227733 3 0 2 0.0 0 0.0 0 3 1 4 1.0 1 1.0 1 5 4 1 0.5 4 1.5 4 
158 3.5 3 25.227766 3 0 2 0.0 0 0.0 0 3 1 4 1.0 1 1.0 1 5 4 1 0.5 4 1.5 3 
159 5.5 3 25.230995 3 0 2 0.0 0 0.0 0 3 1 4 1.0 1 1.0 1 5 4 1 0.5 4 0.5 5 
160 6.5 3 25.231001 3 0 2 0.0 0 0.0 0 3 1 4 1.0 1 1.0 1 5 4 1 0.5 4 1.5 5 
161 1.5 3 25.233230 3 0 2 0.0 0 0.0 0 3 1 4 1.0 1 1.0 1 5 4 1 0.5 4 1.5 3 
162 2.5 3 25.233279 3 0 2 0.0 0 0.0 0 3 1 4 1.0 1 1.0 1 5 4 1 0.5 4 0.5 3 
163 1.5 3 25.315523 3 0 2 0.0 0 0.0 0 3 1 4 1.0 1 1.0 1 5 3 1 0.5 3 1.5 2 
164 2.5 3 25.316817 3 0 2 0.0 0 0.0 0 3 1 4 1.0 1 1.0 1 5 3 1 0.5 3 0.5 3 
165 4.5 3 25.319172 3 0 2 0.0 0 0.0 0 3 1 4 1.0 1 1.0 1 5 3 1 0.5 3 1.5 4 
166 3.5 3 25.320494 3 0 2 0.0 0 0.0 0 3 1 4 1.0 1 1.0 1 5 3 1 0.5 3 1.5 4 
167 3.5 3 25.330772 3 0 2 0.0 0 0.0 0 3 1 4 1.0 1 1.0 1 5 3 1 0.5 3 1.5 2 
168 2.5 3 25.331424 3 0 2 0.0 0 0.0 0 3 1 4 1.0 1 1.0 1 5 3 1 0.5 3 1.5 4 
169 2.5 3 25.354016 3 0 2 0.0 0 0.0 0 3 1 4 1.0 1 1.0 1 5 4 1 0.5 4 1.5 3 
170 3.5 3 25.354055 3 0 2 0.0 0 0.0 0 3 1 4 1.0 1 1.0 1 5 4 1 0.5 4 0.5 4 
171 4.5 3 25.355672 3 0 2 0.0 0 0.0 0 3 1 4 1.0 1 1.0 1 5 4 1 0.5 4 1.5 5 
172 5.5 3 25.355674 3 0 2 0.0 0 0.0 0 3 1 4 1.0 1 1.0 1 5 4 1 0.5 4 1.5 5 
173 3.5 3 25.360901 3 0 2 0.0 0 0.0 0 3 1 4 1.0 1 1.0 1 5 4 1 0.5 4 1.5 5 
174 4.5 3 25.360909 3 0 2 0.0 0 0.0 0 3 1 4 1.0 1 1.0 1 5 4 1 0.5 4 1.5 3 
175 0.5 3 25.363685 3 0 2 0.0 0 0.0 0 3 1 4 0.0 2 0.0 2 4 2 1 0.5 2 0.5 0 
176 3.5 3 25.375173 3 0 2 0.0 0 0.0 0 3 1 4 1.0 1 1.0 1 5 3 1 0.5 3 0.5 4 
177 2.5 3 25.375599 3 0 2 0.0 0 0.0 0 3 1 4 1.0 1 1.0 1 5 3 1 0.5 3 0.5 2 
178 3.5 3 25.409689 3 0 2 0.0 0 0.0 0 3 1 4 1.0 1 1.0 1 5 4 1 0.5 4 0.5 3 
179 4.5 3 25.409703 3 0 2 0.0 0 0.0 0 3 1 4 1.0 1 1.0 1 5 4 1 0.5 4 0.5 5 
180 0.5 3 25.597922 3 0 2 0.0 0 0.0 0 3 1 4 0.0 2 0.0 2 4 3 1 0.5 3 0.5 1 
181 1.5 3 25.597975 3 0 2 0.0 0 0.0 0 3 1 4 0.0 2 0.0 2 4 3 1 0.5 3 0.5 1 
182 4.5 3 25.627300 3 0 2 0.0 0 0.0 0 3 1 4 0.0 2 0.0 2 4 3 1 0.5 3 0.5 5 
183 5.5 3 25.627366 3 0 2 0.0 0 0.0 0 3 1 4 0.0 2 0.0 2 4 3 1 0.5 3 0.5 5 
184 2.5 3 25.634996 3 0 2 0.0 0 0.0 0 3 1 4 0.0 2 0.0 2 4 3 1 0.5 3 0.5 2 
185 1.5 3 25.635248 3 0 2 0.0 0 0.0 0 3 1 4 0.0 2 0.0 2 4 3 1 0.5 3 0.5 2 
186 0.5 3 25.647658 3 0 2 0.0 0 0.0 0 3 1 4 0.0 2 0.0 2 4 2 1 0.5 2 0.5 1 
187 3.5 3 25.674182 3 0 2 0.0 0 0.0 0 3 1 4 0.0 2 0.0 2 4 3 1 0.5 3 0.5 3 
188 2.5 3 25.674297 3 0 2 0.0 0 0.0 0 3 1 4 0.0 2 0.0 2 4 3 1 0.5 3 0.5 3 
189 1.5 3 25.678258 3 0 2 0.0 0 0.0 0 3 1 4 0.0 2 0.0 2 4 2 1 0.5 2 0.5 1 
190 3.5 3 25.684262 3 0 2 0.0 0 0.0 0 3 1 4 0.0 2 0.0 2 4 3 1 0.5 3 0.5 4 
191 4.5 3 25.684384 3 0 2 0.0 0 0.0 0 3 1 4 0.0 2 0.0 2 4 3 1 0.5 3 0.5 4 
192 1.5 3 25.738306 3 0 2 0.0 0 0.0 0 3 1 4 1.0 1 1.0 1 5 2 1 0.5 2 0.5 2 
193 2.5 3 25.765190 3 0 2 0.0 0 0.0 0 3 1 4 1.0 1 1.0 1 5 2 1 0.5 2 0.5 2 
194 0.5 3 25.778713 3 0 2 0.0 0 0.0 0 3 1 4 0.0 0 0.0 0 5 0 1 0.5 0 0.5 0 
195 3.5 3 26.345181 3 0 2 0.0 0 0.0 0 3 1 4 0.0 2 0.0 2 5 2 1 0.5 2 0.5 4 
196 4.5 3 26.345469 3 0 2 0.0 0 0.0 0 3 1 4 0.0 2 0.0 2 5 2 1 0.5 2 0.5 4 
197 2.5 3 26.363388 3 0 2 0.0 0 0.0 0 3 1 4 0.0 0 0.0 0 4 2 1 0.5 2 0.5 2 
198 1.5 3 26.370680 3 0 2 0.0 0 0.0 0 3 1 4 0.0 0 0.0 0 4 2 1 0.5 2 0.5 2 
199 2.5 3 26.428625 3 0 2 0.0 0 0.0 0 3 1 4 0.0 2 0.0 2 5 2 1 0.5 2 0.5 3 
200 3.5 3 26.431576 3 0 2 0.0 0 0.0 0 3 1 4 0.0 2 0.0 2 5 2 1 0.5 2 0.5 3 
201 0.5 3 26.687356 3 0 2 0.0 0 0.0 0 3 1 4 0.0 0 0.0 0 5 1 1 0.5 1 0.5 1 
202 1.5 3 26.687520 3 0 2 0.0 0 0.0 0 3 1 4 0.0 0 0.0 0 5 1 1 0.5 1 0.5 1 
203 1.5 3 26.777348 3 0 2 0.0 0 0.0 0 3 1 4 0.0 2 0.0 2 5 2 1 0.5 2 0.5 1 
204 0.5 3 26.823647 3 0 2 0.0 0 0.0 0 3 1 4 0.0 2 0.0 2 5 2 1 0.5 2 0.5 1 
205 2.5 3 26.838556 3 0 2 0.0 0 0.0 0 3 1 4 0.0 2 0.0 2 5 2 1 0.5 2 0.5 2 
206 1.5 3 26.878992 3 0 2 0.0 0 0.0 0 3 1 4 0.0 2 0.0 2 5 3 1 0.5 3 0.5 1 
207 0.5 3 26.879001 3 0 2 0.0 0 0.0 0 3 1 4 0.0 2 0.0 2 5 3 1 0.5 3 0.5 1 
208 4.5 3 26.888732 3 0 2 0.0 0 0.0 0 3 1 4 0.0 2 0.0 2 5 3 1 0.5 3 0.5 5 
209 5.5 3 26.888774 3 0 2 0.0 0 0.0 0 3 1 4 0.0 2 0.0 2 5 3 1 0.5 3 0.5 5 
210 2.5 3 26.892208 3 0 2 0.0 0 0.0 0 3 1 4 0.0 2 0.0 2 5 3 1 0.5 3 0.5 2 
211 1.5 3 26.892418 3 0 2 0.0 0 0.0 0 3 1 4 0.0 2 0.0 2 5 3 1 0.5 3 0.5 2 
212 3.5 3 26.910863 3 0 2 0.0 0 0.0 0 3 1 4 0.0 2 0.0 2 5 3 1 0.5 3 0.5 3 
213 2.5 3 26.910996 3 0 2 0.0 0 0.0 0 3 1 4 0.0 2 0.0 2 5 3 1 0.5 3 0.5 3 
214 0.5 3 26.912659 3 0 2 0.0 0 0.0 0 3 1 4 0.0 2 0.0 2 5 2 1 0.5 2 0.5 0 
215 3.5 3 26.917700 3 0 2 0.0 0 0.0 0 3 1 4 0.0 2 0.0 2 5 3 1 0.5 3 0.5 4 
216 4.5 3 26.917789 3 0 2 0.0 0 0.0 0 3 1 4 0.0 2 0.0 2 5 3 1 0.5 3 0.5 4 
217 1.5 3 26.919848 3 0 2 0.0 0 0.0 0 3 1 4 0.0 2 0.0 2 5 4 1 0.5 4 0.5 2 
218 2.5 3 26.923977 3 0 2 0.0 0 0.0 0 3 1 4 0.0 2 0.0 2 5 4 1 0.5 4 0.5 2 
219 5.5 3 26.929760 3 0 2 0.0 0 0.0 0 3 1 4 0.0 2 0.0 2 5 4 1 0.5 4 0.5 6 
220 6.5 3 26.929780 3 0 2 0.0 0 0.0 0 3 1 4 0.0 2 0.0 2 5 4 1 0.5 4 0.5 6 
221 1.5 3 26.930864 3 0 2 0.0 0 0.0 0 3 1 4 0.0 2 0.0 2 5 2 1 0.5 2 0.5 2 
222 2.5 3 26.933640 3 0 2 0.0 0 0.0 0 3 1 4 0.0 2 0.0 2 5 4 1 0.5 4 0.5 3 
223 3.5 3 26.933655 3 0 2 0.0 0 0.0 0 3 1 4 0.0 2 0.0 2 5 4 1 0.5 4 0.5 3 
224 3.5 3 26.941807 3 0 2 0.0 0 0.0 0 3 1 4 0.0 2 0.0 2 5 4 1 0.5 4 0.5 4 
225 4.5 3 26.941823 3 0 2 0.0 0 0.0 0 3 1 4 0.0 2 0.0 2 5 4 1 0.5 4 0.5 4 
226 4.5 3 26.942587 3 0 2 0.0 0 0.0 0 3 1 4 0.0 2 0.0 2 5 4 1 0.5 4 0.5 5 
227 5.5 3 26.942606 3 0 2 0.0 0 0.0 0 3 1 4 0.0 2 0.0 2 5 4 1 0.5 4 0.5 5 
228 2.5 3 27.330263 3 0 2 0.0 0 0.0 0 3 1 4 0.0 0 0.0 0 4 3 1 0.5 3 0.5 3 
229 3.5 3 27.330265 3 0 2 0.0 0 0.0 0 3 1 4 0.0 0 0.0 0 4 3 1 0.5 3 0.5 3 
230 2.5 3 28.100936 3 0 2 0.0 0 0.0 0 3 1 4 0.0 0 0.0 0 5 2 1 0.5 2 0.5 2 
231 1.5 3 28.119864 3 0 2 0.0 0 0.0 0 3 1 4 0.0 0 0.0 0 5 2 1 0.5 2 0.5 2 
232 3.5 3 28.576759 3 0 2 0.0 0 0.0 0 3 1 4 0.0 0 0.0 0 5 3 1 0.5 3 0.5 3 
233 2.5 3 28.576795 3 0 2 0.0 0 0.0 0 3 1 4 0.0 0 0.0 0 5 3 1 0.5 3 0.5 3 
234 3.5 3 28.611242 3 0 2 0.0 0 0.0 0 3 1 4 0.0 0 0.0 0 5 4 1 0.5 4 0.5 4 
235 4.5 3 28.611262 3 0 2 0.0 0 0.0 0 3 1 4 0.0 0 0.0 0 5 4 1 0.5 4 0.5 4 
236 0.5 3 30.616251 3 0 1 0.5 0 0.5 0 3 1 5 0.5 1 1.0 1 3 2 1 0.5 2 1.5 1 
237 1.5 3 30.641486 3 0 1 0.5 0 0.5 0 3 1 5 0.5 1 1.0 1 3 2 1 0.5 2 1.5 1 
238 2.5 3 30.684508 3 0 1 0.5 0 0.5 0 3 1 5 0.5 1 1.0 1 3 2 1 0.5 2 1.5 1 
239 4.5 3 32.040915 3 0 1 0.5 0 0.5 0 3 1 5 0.5 1 1.0 1 3 2 1 0.5 2 1.5 3 
240 3.5 3 32.085553 3 0 1 0.5 0 0.5 0 3 1 5 0.5 1 1.0 1 3 2 1 0.5 2 1.5 3 
241 2.5 3 32.124125 3 0 1 0.5 0 0.5 0 3 1 5 0.5 1 1.0 1 3 2 1 0.5 2 1.5 3 
242 1.5 3 32.154058 3 0 1 0.5 0 0.5 0 3 1 5 0.5 1 1.0 1 3 2 1 0.5 2 1.5 3 
243 3.5 3 32.782904 3 0 1 0.5 0 0.5 0 3 1 5 0.5 1 1.0 1 3 2 1 0.5 2 0.5 3 
244 3.5 3 32.841026 3 0 1 0.5 0 0.5 0 3 1 5 0.5 1 1.0 1 3 2 1 0.5 2 1.5 2 
245 2.5 3 32.848767 3 0 1 0.5 0 0.5 0 3 1 5 0.5 1 1.0 1 3 2 1 0.5 2 1.5 2 
246 1.5 3 32.859205 3 0 1 0.5 0 0.5 0 3 1 5 0.5 1 1.0 1 3 2 1 0.5 2 1.5 2 
247 0.5 3 32.862535 3 0 1 0.5 0 0.5 0 3 1 5 0.5 1 1.0 1 3 2 1 0.5 2 1.5 2 
248 2.5 3 32.885192 3 0 1 0.5 0 0.5 0 3 1 5 0.5 1 1.0 1 3 2 1 0.5 2 0.5 3 
249 2.5 3 33.150788 3 0 1 0.5 0 0.5 0 3 1 5 0.5 1 1.0 1 3 2 1 0.5 2 0.5 2 
250 1.5 3 33.172051 3 0 1 0.5 0 0.5 0 3 1 5 0.5 1 1.0 1 3 2 1 0.5 2 0.5 2 
251 0.5 3 33.776067 3 0 2 0.0 0 0.0 0 3 1 3 1.5 0 1.5 0 3 2 2 1.0 3 2.5 3 
252 1.5 3 33.776259 3 0 2 0.0 0 0.0 0 3 1 3 1.5 0 1.5 0 3 2 2 1.0 3 2.5 3 
253 2.5 3 33.776673 3 0 2 0.0 0 0.0 0 3 1 3 1.5 0 1.5 0 3 2 2 1.0 3 2.5 3 
254 3.5 3 33.777439 3 0 2 0.0 0 0.0 0 3 1 3 1.5 0 1.5 0 3 2 2 1.0 3 2.5 3 
255 4.5 3 33.778720 3 0 2 0.0 0 0.0 0 3 1 3 1.5 0 1.5 0 3 2 2 1.0 3 2.5 3 
256 5.5 3 33.780674 3 0 2 0.0 0 0.0 0 3 1 3 1.5 0 1.5 0 3 2 2 1.0 3 2.5 3 
257 2.5 3 34.009668 3 0 1 0.5 0 0.5 0 3 1 5 0.5 1 1.0 1 4 0 1 0.5 0 1.5 1 
258 1.5 3 34.106800 3 0 1 0.5 0 0.5 0 3 1 5 0.5 1 1.0 1 4 0 1 0.5 0 1.5 1 
259 0.5 3 34.171304 3 0 1 0.5 0 0.5 0 3 1 5 0.5 1 1.0 1 4 0 1 0.5 0 1.5 1 
260 0.5 3 34.268315 3 0 2 0.0 0 0.0 0 3 1 3 0.5 2 0.5 2 3 2 2 0.0 2 0.5 1 
261 1.5 3 34.337877 3 0 2 0.0 0 0.0 0 3 1 3 0.5 2 0.5 2 3 2 2 0.0 2 0.5 1 
262 1.5 3 34.530422 3 0 2 0.0 0 0.0 0 3 1 3 1.5 0 1.5 0 3 2 2 1.0 1 2.5 1 
263 2.5 3 34.531411 3 0 2 0.0 0 0.0 0 3 1 3 1.5 0 1.5 0 3 2 2 1.0 1 2.5 1 
264 3.5 3 34.532789 3 0 2 0.0 0 0.0 0 3 1 3 1.5 0 1.5 0 3 2 2 1.0 1 2.5 1 
265 1.5 3 34.647282 3 0 1 0.5 0 0.5 0 3 1 5 0.5 1 1.0 1 4 0 1 0.5 0 0.5 1 
266 0.5 3 34.760427 3 0 1 0.5 0 0.5 0 3 1 5 0.5 1 1.0 1 4 0 1 0.5 0 0.5 1 
267 2.5 3 35.516110 3 0 1 0.5 0 0.5 0 3 1 5 0.5 1 0.0 1 3 2 1 0.5 2 0.5 3 
268 3.5 3 35.550847 3 0 1 0.5 0 0.5 0 3 1 5 0.5 1 0.0 1 3 2 1 0.5 2 0.5 3 
269 3.5 3 35.712097 3 0 2 0.0 0 0.0 0 3 1 3 1.5 0 1.5 0 3 2 2 0.0 2 1.5 2 
270 2.5 3 35.727059 3 0 2 0.0 0 0.0 0 3 1 3 1.5 0 1.5 0 3 2 2 0.0 2 1.5 2 
271 1.5 3 35.738275 3 0 2 0.0 0 0.0 0 3 1 3 1.5 0 1.5 0 3 2 2 0.0 2 1.5 2 
272 0.5 3 35.745559 3 0 2 0.0 0 0.0 0 3 1 3 1.5 0 1.5 0 3 2 2 0.0 2 1.5 2 
273 0.5 3 36.091979 3 0 2 0.0 0 0.0 0 3 1 3 1.5 0 1.5 0 3 2 2 1.0 1 1.5 1 
274 1.5 3 36.120856 3 0 2 0.0 0 0.0 0 3 1 3 1.5 0 1.5 0 3 2 2 1.0 1 1.5 1 
275 2.5 3 36.159221 3 0 2 0.0 0 0.0 0 3 1 3 0.5 2 0.5 2 3 2 2 1.0 3 1.5 4 
276 2.5 3 36.160457 3 0 2 0.0 0 0.0 0 3 1 3 1.5 0 1.5 0 3 2 2 1.0 1 1.5 1 
277 3.5 3 36.161085 3 0 2 0.0 0 0.0 0 3 1 3 0.5 2 0.5 2 3 2 2 1.0 3 1.5 4 
278 4.5 3 36.164681 3 0 2 0.0 0 0.0 0 3 1 3 0.5 2 0.5 2 3 2 2 1.0 3 1.5 4 
279 5.5 3 36.169406 3 0 2 0.0 0 0.0 0 3 1 3 0.5 2 0.5 2 3 2 2 1.0 3 1.5 4 
280 1.5 3 36.321560 3 0 2 0.0 0 0.0 0 3 1 3 0.5 2 0.5 2 3 2 2 1.0 1 1.5 3 
281 1.5 3 36.328167 3 0 1 0.5 0 0.5 0 3 1 5 0.5 1 1.0 1 4 1 1 0.5 1 1.5 0 
282 2.5 3 36.351141 3 0 2 0.0 0 0.0 0 3 1 3 0.5 2 0.5 2 3 2 2 1.0 1 1.5 3 
283 1.5 3 36.374051 3 0 2 0.0 0 0.0 0 3 1 3 0.5 2 0.5 2 3 2 2 1.0 1 0.5 2 
284 2.5 3 36.382547 3 0 2 0.0 0 0.0 0 3 1 3 0.5 2 0.5 2 3 2 2 1.0 1 0.5 2 
285 3.5 3 36.401204 3 0 2 0.0 0 0.0 0 3 1 3 0.5 2 0.5 2 3 2 2 1.0 1 1.5 3 
286 4.5 3 36.442550 3 0 2 0.0 0 0.0 0 3 1 3 0.5 2 0.5 2 3 2 2 1.0 1 1.5 3 
287 3.5 3 36.647318 3 0 1 0.5 0 0.5 0 3 1 5 0.5 1 1.0 1 4 1 1 0.5 1 1.5 2 
288 2.5 3 36.696608 3 0 1 0.5 0 0.5 0 3 1 5 0.5 1 1.0 1 4 1 1 0.5 1 1.5 2 
289 1.5 3 36.747065 3 0 1 0.5 0 0.5 0 3 1 5 0.5 1 1.0 1 4 1 1 0.5 1 1.5 2 
290 0.5 3 36.785039 3 0 1 0.5 0 0.5 0 3 1 5 0.5 1 1.0 1 4 1 1 0.5 1 1.5 2 
291 0.5 3 36.901143 3 0 1 0.5 0 0.5 0 3 1 5 0.5 1 1.0 1 3 2 1 0.5 2 0.5 1 
292 1.5 3 36.902423 3 0 1 0.5 0 0.5 0 3 1 5 0.5 1 1.0 1 3 2 1 0.5 2 0.5 1 
293 2.5 3 36.921114 3 0 1 0.5 0 0.5 0 3 1 5 0.5 1 1.0 1 4 1 1 0.5 1 0.5 2 
294 2.5 3 36.982646 3 0 1 0.5 0 0.5 0 3 1 5 0.5 1 1.0 1 4 1 1 0.5 1 1.5 1 
295 1.5 3 37.005362 3 0 1 0.5 0 0.5 0 3 1 5 0.5 1 1.0 1 4 1 1 0.5 1 1.5 1 
296 0.5 3 37.024955 3 0 1 0.5 0 0.5 0 3 1 5 0.5 1 1.0 1 4 1 1 0.5 1 1.5 1 
297 1.5 3 37.028176 3 0 1 0.5 0 0.5 0 3 1 5 0.5 1 1.0 1 4 1 1 0.5 1 0.5 2 
298 1.5 3 37.138650 3 0 1 0.5 0 0.5 0 3 1 5 0.5 1 1.0 1 4 1 1 0.5 1 0.5 1 
299 0.5 3 37.167941 3 0 1 0.5 0 0.5 0 3 1 5 0.5 1 1.0 1 4 1 1 0.5 1 0.5 1 
300 3.5 3 37.174335 3 0 2 0.0 0 0.0 0 3 1 3 0.5 2 0.5 2 3 2 2 1.0 3 1.5 5 
301 4.5 3 37.175130 3 0 2 0.0 0 0.0 0 3 1 3 0.5 2 0.5 2 3 2 2 1.0 3 1.5 5 
302 5.5 3 37.180220 3 0 2 0.0 0 0.0 0 3 1 3 0.5 2 0.5 2 3 2 2 1.0 3 1.5 5 
303 6.5 3 37.191852 3 0 2 0.0 0 0.0 0 3 1 3 0.5 2 0.5 2 3 2 2 1.0 3 1.5 5 
304 3.5 3 37.252114 3 0 2 0.0 0 0.0 0 3 1 3 0.5 2 0.5 2 3 2 2 0.0 2 0.5 3 
305 2.5 3 37.332606 3 0 2 0.0 0 0.0 0 3 1 3 0.5 2 0.5 2 3 2 2 0.0 2 0.5 3 
306 4.5 3 37.497315 3 0 2 0.0 0 0.0 0 3 1 3 0.5 2 0.5 2 3 2 2 1.0 3 0.5 5 
307 5.5 3 37.525149 3 0 2 0.0 0 0.0 0 3 1 3 0.5 2 0.5 2 3 2 2 1.0 3 0.5 5 
308 0.5 3 37.561225 3 0 1 0.5 0 0.5 0 3 1 5 0.5 1 1.0 1 4 1 1 0.5 1 0.5 0 
309 2.5 3 37.650526 3 0 2 0.0 0 0.0 0 3 1 3 0.5 1 0.5 1 3 2 2 1.0 3 1.5 4 
310 3.5 3 37.672828 3 0 2 0.0 0 0.0 0 3 1 3 0.5 1 0.5 1 3 2 2 1.0 3 1.5 4 
311 4.5 3 37.708245 3 0 2 0.0 0 0.0 0 3 1 3 0.5 1 0.5 1 3 2 2 1.0 3 1.5 4 
312 5.5 3 37.759919 3 0 2 0.0 0 0.0 0 3 1 3 0.5 1 0.5 1 3 2 2 1.0 3 1.5 4 
313 1.5 3 37.818696 3 0 2 0.0 0 0.0 0 3 1 3 0.5 2 0.5 2 3 2 2 0.0 2 0.5 2 
314 2.5 3 37.896278 3 0 2 0.0 0 0.0 0 3 1 3 0.5 2 0.5 2 3 2 2 0.0 2 0.5 2 
315 4.5 3 38.082147 3 0 2 0.0 0 0.0 0 3 1 3 0.5 2 0.5 2 3 2 2 0.0 2 0.5 4 
316 3.5 3 38.082852 3 0 2 0.0 0 0.0 0 3 1 3 0.5 2 0.5 2 3 2 2 0.0 2 0.5 4 
317 1.5 3 38.115329 3 0 2 0.0 0 0.0 0 3 1 3 1.5 0 1.5 0 3 2 2 0.0 0 1.5 0 
318 5.5 3 38.544911 3 0 2 0.0 0 0.0 0 3 1 3 0.5 2 0.5 2 3 2 2 0.0 4 0.5 6 
319 6.5 3 38.550038 3 0 2 0.0 0 0.0 0 3 1 3 0.5 2 0.5 2 3 2 2 0.0 4 0.5 6 
320 1.5 3 38.757611 3 0 2 0.0 0 0.0 0 3 1 3 1.5 0 1.5 0 3 2 2 1.0 3 1.5 3 
321 2.5 3 38.757826 3 0 2 0.0 0 0.0 0 3 1 3 1.5 0 1.5 0 3 2 2 1.0 3 1.5 3 
322 3.5 3 38.759394 3 0 2 0.0 0 0.0 0 3 1 3 1.5 0 1.5 0 3 2 2 1.0 3 1.5 3 
323 4.5 3 38.763832 3 0 2 0.0 0 0.0 0 3 1 3 1.5 0 1.5 0 3 2 2 1.0 3 1.5 3 
324 1.5 3 38.875292 3 0 2 0.0 0 0.0 0 3 1 3 0.5 1 0.5 1 3 2 2 0.0 2 0.5 1 
325 0.5 3 38.898866 3 0 2 0.0 0 0.0 0 3 1 3 0.5 1 0.5 1 3 2 2 0.0 2 0.5 1 
326 0.5 3 39.041872 3 0 2 0.0 0 0.0 0 3 1 3 0.5 1 0.5 1 3 2 2 1.0 1 0.5 0 
327 0.5 3 39.313454 3 0 2 0.0 0 0.0 0 3 1 3 0.5 1 0.5 1 3 2 2 1.0 1 1.5 2 
328 1.5 3 39.327477 3 0 2 0.0 0 0.0 0 3 1 3 0.5 1 0.5 1 3 2 2 1.0 1 1.5 2 
329 2.5 3 39.349572 3 0 2 0.0 0 0.0 0 3 1 3 0.5 1 0.5 1 3 2 2 1.0 1 1.5 2 
330 3.5 3 39.389052 3 0 2 0.0 0 0.0 0 3 1 3 0.5 1 0.5 1 3 2 2 1.0 1 1.5 2 
331 2.5 3 39.392691 3 0 2 0.0 0 0.0 0 3 1 3 0.5 1 0.5 1 3 2 2 0.0 2 0.5 3 
332 3.5 3 39.444245 3 0 2 0.0 0 0.0 0 3 1 3 0.5 1 0.5 1 3 2 2 1.0 3 0.5 4 
333 3.5 3 39.460413 3 0 2 0.0 0 0.0 0 3 1 3 0.5 1 0.5 1 3 2 2 0.0 2 0.5 3 
334 4.5 3 39.487200 3 0 2 0.0 0 0.0 0 3 1 3 0.5 1 0.5 1 3 2 2 1.0 3 0.5 4 
335 1.5 3 39.563293 3 0 2 0.0 0 0.0 0 3 1 3 0.5 1 0.5 1 3 2 2 1.0 3 1.5 3 
336 2.5 3 39.575811 3 0 2 0.0 0 0.0 0 3 1 3 0.5 1 0.5 1 3 2 2 1.0 3 1.5 3 
337 2.5 3 39.604659 3 0 2 0.0 0 0.0 0 3 1 3 0.5 2 0.5 2 3 2 2 0.0 4 0.5 2 
338 3.5 3 39.605183 3 0 2 0.0 0 0.0 0 3 1 3 0.5 1 0.5 1 3 2 2 1.0 3 1.5 3 
339 4.5 3 39.624185 3 0 2 0.0 0 0.0 0 3 1 3 0.5 1 0.5 1 3 2 2 1.0 3 1.5 3 
340 1.5 3 39.627840 3 0 2 0.0 0 0.0 0 3 1 3 0.5 2 0.5 2 3 2 2 0.0 4 0.5 2 
341 2.5 3 39.835680 3 0 1 0.5 0 0.5 0 3 1 5 0.5 1 1.0 1 5 0 1 0.5 0 1.5 1 
342 1.5 3 39.919182 3 0 1 0.5 0 0.5 0 3 1 5 0.5 1 1.0 1 5 0 1 0.5 0 1.5 1 
343 0.5 3 39.972752 3 0 1 0.5 0 0.5 0 3 1 5 0.5 1 1.0 1 4 2 1 0.5 2 1.5 1 
344 0.5 3 39.977192 3 0 2 0.0 0 0.0 0 3 1 3 0.5 2 0.5 2 3 2 2 1.0 3 1.5 2 
345 1.5 3 39.988888 3 0 2 0.0 0 0.0 0 3 1 3 0.5 2 0.5 2 3 2 2 1.0 3 1.5 2 
346 2.5 3 40.006601 3 0 2 0.0 0 0.0 0 3 1 3 0.5 2 0.5 2 3 2 2 1.0 3 1.5 2 
347 0.5 3 40.013459 3 0 1 0.5 0 0.5 0 3 1 5 0.5 1 1.0 1 5 0 1 0.5 0 1.5 1 
348 1.5 3 40.014221 3 0 1 0.5 0 0.5 0 3 1 5 0.5 1 1.0 1 4 2 1 0.5 2 1.5 1 
349 2.5 3 40.034553 3 0 2 0.0 0 0.0 0 3 1 3 0.5 1 0.5 1 3 2 2 1.0 1 1.5 1 
350 3.5 3 40.055825 3 0 2 0.0 0 0.0 0 3 1 3 0.5 2 0.5 2 3 2 2 1.0 3 1.5 2 
351 1.5 3 40.061298 3 0 1 0.5 0 0.5 0 3 1 5 0.5 1 1.0 1 5 0 1 0.5 0 0.5 1 
352 2.5 3 40.088834 3 0 1 0.5 0 0.5 0 3 1 5 0.5 1 1.0 1 4 2 1 0.5 2 1.5 1 
353 1.5 3 40.095339 3 0 2 0.0 0 0.0 0 3 1 3 0.5 1 0.5 1 3 2 2 1.0 1 1.5 1 
354 0.5 3 40.114673 3 0 2 0.0 0 0.0 0 3 1 3 0.5 1 0.5 1 3 2 2 1.0 1 1.5 1 
355 5.5 3 40.121007 3 0 2 0.0 0 0.0 0 3 1 3 1.5 0 1.5 0 3 2 2 0.0 4 1.5 4 
356 4.5 3 40.149801 3 0 1 0.5 0 0.5 0 3 1 5 0.5 1 1.0 1 4 2 1 0.5 2 1.5 3 
357 0.5 3 40.164695 3 0 1 0.5 0 0.5 0 3 1 5 0.5 1 1.0 1 5 0 1 0.5 0 0.5 1 
358 4.5 3 40.172216 3 0 2 0.0 0 0.0 0 3 1 3 1.5 0 1.5 0 3 2 2 0.0 4 1.5 4 
359 3.5 3 40.178338 3 0 2 0.0 0 0.0 0 3 1 3 1.5 0 1.5 0 3 2 2 0.0 4 1.5 4 
360 2.5 3 40.197671 3 0 2 0.0 0 0.0 0 3 1 3 1.5 0 1.5 0 3 2 2 0.0 4 1.5 4 
361 3.5 3 40.212349 3 0 1 0.5 0 0.5 0 3 1 5 0.5 1 1.0 1 4 2 1 0.5 2 1.5 3 
362 2.5 3 40.254534 3 0 1 0.5 0 0.5 0 3 1 5 0.5 1 1.0 1 4 2 1 0.5 2 1.5 3 
363 1.5 3 40.293459 3 0 1 0.5 0 0.5 0 3 1 5 0.5 1 1.0 1 4 2 1 0.5 2 1.5 3 
364 3.5 3 40.392040 3 0 1 0.5 0 0.5 0 3 1 5 0.5 1 1.0 1 4 2 1 0.5 2 1.5 2 
365 2.5 3 40.436746 3 0 1 0.5 0 0.5 0 3 1 5 0.5 1 1.0 1 4 2 1 0.5 2 1.5 2 
366 0.5 3 40.442186 3 0 1 0.5 0 0.5 0 3 1 5 0.5 1 1.0 1 4 2 1 0.5 2 1.5 2 
367 1.5 3 40.446224 3 0 1 0.5 0 0.5 0 3 1 5 0.5 1 1.0 1 4 2 1 0.5 2 1.5 2 
368 1.5 3 40.465436 3 0 1 0.5 0 0.5 0 3 1 5 0.5 1 0.0 1 4 0 1 0.5 0 0.5 1 
369 0.5 3 40.474145 3 0 1 0.5 0 0.5 0 3 1 5 0.5 1 0.0 1 4 0 1 0.5 0 0.5 1 
370 3.5 3 40.508462 3 0 1 0.5 0 0.5 0 3 1 5 0.5 1 1.0 1 4 2 1 0.5 2 0.5 3 
371 2.5 3 40.535744 3 0 1 0.5 0 0.5 0 3 1 5 0.5 1 1.0 1 4 2 1 0.5 2 0.5 2 
372 5.5 3 40.579461 3 0 2 0.0 0 0.0 0 3 1 3 0.5 1 0.5 1 3 2 2 0.0 4 0.5 5 
373 1.5 3 40.604928 3 0 1 0.5 0 0.5 0 3 1 5 0.5 1 1.0 1 4 2 1 0.5 2 0.5 2 
374 2.5 3 40.633344 3 0 1 0.5 0 0.5 0 3 1 5 0.5 1 1.0 1 4 2 1 0.5 2 0.5 3 
375 4.5 3 40.639879 3 0 2 0.0 0 0.0 0 3 1 3 0.5 2 0.5 2 3 2 2 0.0 4 0.5 4 
376 4.5 3 40.681075 3 0 2 0.0 0 0.0 0 3 1 3 0.5 1 0.5 1 3 2 2 0.0 4 0.5 5 
377 1.5 3 40.684131 3 0 1 0.5 0 0.5 0 3 1 5 0.5 1 1.0 1 5 1 1 0.5 1 1.5 0 
378 3.5 3 40.708449 3 0 2 0.0 0 0.0 0 3 1 3 0.5 2 0.5 2 3 2 2 0.0 4 0.5 4 
379 3.5 3 40.748468 3 0 1 0.5 0 0.5 0 3 1 5 0.5 1 1.0 1 5 1 1 0.5 1 1.5 2 
380 2.5 3 40.780963 3 0 1 0.5 0 0.5 0 3 1 5 0.5 1 1.0 1 5 1 1 0.5 1 1.5 2 
381 1.5 3 40.826230 3 0 1 0.5 0 0.5 0 3 1 5 0.5 1 1.0 1 5 1 1 0.5 1 1.5 2 
382 2.5 3 40.840644 3 0 1 0.5 0 0.5 0 3 1 5 0.5 1 1.0 1 5 1 1 0.5 1 0.5 2 
383 0.5 3 40.874463 3 0 1 0.5 0 0.5 0 3 1 5 0.5 1 1.0 1 5 1 1 0.5 1 1.5 2 
384 2.5 3 40.925755 3 0 1 0.5 0 0.5 0 3 1 5 0.5 1 1.0 1 5 1 1 0.5 1 1.5 1 
385 1.5 3 40.926560 3 0 1 0.5 0 0.5 0 3 1 5 0.5 1 1.0 1 5 1 1 0.5 1 0.5 1 
386 1.5 3 40.940995 3 0 1 0.5 0 0.5 0 3 1 5 0.5 1 1.0 1 5 1 1 0.5 1 1.5 1 
387 0.5 3 40.947925 3 0 1 0.5 0 0.5 0 3 1 5 0.5 1 1.0 1 5 1 1 0.5 1 1.5 1 
388 0.5 3 40.990538 3 0 1 0.5 0 0.5 0 3 1 5 0.5 1 1.0 1 5 1 1 0.5 1 0.5 1 
389 1.5 3 41.013914 3 0 1 0.5 0 0.5 0 3 1 5 0.5 1 1.0 1 5 1 1 0.5 1 0.5 2 
390 2.5 3 41.051461 3 0 2 0.0 0 0.0 0 3 1 3 0.5 2 0.5 2 3 2 2 0.0 0 0.5 2 
391 1.5 3 41.063431 3 0 2 0.0 0 0.0 0 3 1 3 0.5 2 0.5 2 3 2 2 0.0 0 0.5 2 
392 2.5 3 41.068610 3 0 2 0.0 0 0.0 0 3 1 3 0.5 1 0.5 1 3 2 2 1.0 3 0.5 3 
393 0.5 3 41.079833 3 0 1 0.5 0 0.5 0 3 1 5 0.5 1 1.0 1 4 2 1 0.5 2 0.5 1 
394 0.5 3 41.138957 3 0 1 0.5 0 0.5 0 3 1 5 0.5 1 1.0 1 5 1 1 0.5 1 0.5 0 
395 1.5 3 41.148837 3 0 1 0.5 0 0.5 0 3 1 5 0.5 1 1.0 1 4 2 1 0.5 2 0.5 1 
396 3.5 3 41.157811 3 0 2 0.0 0 0.0 0 3 1 3 0.5 1 0.5 1 3 2 2 1.0 3 0.5 3 
397 1.5 3 41.327454 3 0 2 0.0 0 0.0 0 3 1 3 0.5 2 0.5 2 3 2 2 1.0 1 1.5 1 
398 2.5 3 41.333367 3 0 2 0.0 0 0.0 0 3 1 3 0.5 2 0.5 2 3 2 2 1.0 1 1.5 1 
399 0.5 3 41.334751 3 0 2 0.0 0 0.0 0 3 1 3 0.5 2 0.5 2 3 2 2 1.0 1 1.5 1 
400 0.5 3 41.420435 3 0 1 0.5 0 0.5 0 3 1 5 0.5 1 1.0 1 4 3 1 0.5 3 1.5 2 
401 1.5 3 41.421841 3 0 1 0.5 0 0.5 0 3 1 5 0.5 1 1.0 1 4 3 1 0.5 3 1.5 2 
402 5.5 3 41.429604 3 0 1 0.5 0 0.5 0 3 1 5 0.5 1 1.0 1 4 3 1 0.5 3 1.5 4 
403 4.5 3 41.432641 3 0 1 0.5 0 0.5 0 3 1 5 0.5 1 1.0 1 4 3 1 0.5 3 0.5 4 
404 2.5 3 41.435491 3 0 1 0.5 0 0.5 0 3 1 5 0.5 1 1.0 1 4 3 1 0.5 3 1.5 2 
405 1.5 3 41.436130 3 0 1 0.5 0 0.5 0 3 1 5 0.5 1 1.0 1 4 3 1 0.5 3 0.5 2 
406 3.5 3 41.453392 3 0 1 0.5 0 0.5 0 3 1 5 0.5 1 1.0 1 4 3 1 0.5 3 1.5 2 
407 2.5 3 41.454488 3 0 1 0.5 0 0.5 0 3 1 5 0.5 1 1.0 1 4 3 1 0.5 3 0.5 2 
408 4.5 3 41.456348 3 0 1 0.5 0 0.5 0 3 1 5 0.5 1 1.0 1 4 3 1 0.5 3 1.5 3 
409 3.5 3 41.457228 3 0 1 0.5 0 0.5 0 3 1 5 0.5 1 1.0 1 4 3 1 0.5 3 0.5 3 
410 2.5 3 41.552644 3 0 1 0.5 0 0.5 0 3 1 5 0.5 1 1.0 1 4 3 1 0.5 3 1.5 4 
411 3.5 3 41.553340 3 0 1 0.5 0 0.5 0 3 1 5 0.5 1 1.0 1 4 3 1 0.5 3 0.5 4 
412 4.5 3 41.577166 3 0 1 0.5 0 0.5 0 3 1 5 0.5 1 1.0 1 4 3 1 0.5 3 1.5 4 
413 3.5 3 41.578047 3 0 1 0.5 0 0.5 0 3 1 5 0.5 1 1.0 1 4 3 1 0.5 3 1.5 4 
414 1.5 3 41.588404 3 0 1 0.5 0 0.5 0 3 1 5 0.5 1 1.0 1 4 3 1 0.5 3 1.5 3 
415 2.5 3 41.589051 3 0 1 0.5 0 0.5 0 3 1 5 0.5 1 1.0 1 4 3 1 0.5 3 0.5 3 
416 4.5 3 41.600403 3 0 2 0.0 0 0.0 0 3 1 3 0.5 2 0.5 2 3 2 2 0.0 4 0.5 5 
417 2.5 3 41.635609 3 0 1 0.5 0 0.5 0 3 1 5 0.5 1 1.0 1 4 3 1 0.5 3 1.5 3 
418 3.5 3 41.635927 3 0 1 0.5 0 0.5 0 3 1 5 0.5 1 1.0 1 4 3 1 0.5 3 1.5 3 
419 5.5 3 41.661015 3 0 2 0.0 0 0.0 0 3 1 3 0.5 2 0.5 2 3 2 2 0.0 4 0.5 5 
420 3.5 3 41.806648 3 0 2 0.0 0 0.0 0 3 1 3 0.5 2 0.5 2 3 2 2 1.0 1 1.5 2 
421 2.5 3 41.842497 3 0 2 0.0 0 0.0 0 3 1 3 0.5 2 0.5 2 3 2 2 1.0 1 1.5 2 
422 1.5 3 41.864757 3 0 2 0.0 0 0.0 0 3 1 3 0.5 2 0.5 2 3 2 2 1.0 1 1.5 2 
423 0.5 3 41.876683 3 0 2 0.0 0 0.0 0 3 1 3 0.5 2 0.5 2 3 2 2 1.0 1 1.5 2 
424 0.5 3 41.939055 3 0 2 0.0 0 0.0 0 3 1 3 1.5 0 1.5 0 3 2 2 1.0 1 0.5 1 
425 1.5 3 41.984958 3 0 2 0.0 0 0.0 0 3 1 3 1.5 0 1.5 0 3 2 2 1.0 1 0.5 1 
426 0.5 3 42.035894 3 0 2 0.0 0 0.0 0 3 1 3 0.5 1 0.5 1 3 2 2 0.0 0 0.5 1 
427 1.5 3 42.045812 3 0 2 0.0 0 0.0 0 3 1 3 0.5 1 0.5 1 3 2 2 0.0 0 0.5 1 
428 0.5 3 42.083878 3 0 1 0.5 0 0.5 0 3 1 5 0.5 1 1.0 1 5 2 1 0.5 2 1.5 1 
429 4.5 3 42.094921 3 0 1 0.5 0 0.5 0 3 1 5 0.5 1 1.0 1 5 2 1 0.5 2 1.5 3 
430 1.5 3 42.099382 3 0 1 0.5 0 0.5 0 3 1 5 0.5 1 1.0 1 5 2 1 0.5 2 1.5 1 
431 2.5 3 42.124412 3 0 1 0.5 0 0.5 0 3 1 5 0.5 1 1.0 1 5 2 1 0.5 2 1.5 1 
432 3.5 3 42.127276 3 0 1 0.5 0 0.5 0 3 1 5 0.5 1 1.0 1 5 2 1 0.5 2 1.5 3 
433 2.5 3 42.173472 3 0 1 0.5 0 0.5 0 3 1 5 0.5 1 1.0 1 5 2 1 0.5 2 1.5 3 
434 3.5 3 42.207684 3 0 1 0.5 0 0.5 0 3 1 5 0.5 1 1.0 1 5 2 1 0.5 2 1.5 2 
435 1.5 3 42.211057 3 0 1 0.5 0 0.5 0 3 1 5 0.5 1 1.0 1 5 2 1 0.5 2 1.5 3 
436 3.5 3 42.255741 3 0 2 0.0 0 0.0 0 3 1 3 0.5 1 0.5 1 3 2 2 1.0 3 1.5 2 
437 3.5 3 42.258191 3 0 2 0.0 0 0.0 0 3 1 3 0.5 1 0.5 1 3 2 2 0.0 4 0.5 4 
438 0.5 3 42.273416 3 0 1 0.5 0 0.5 0 3 1 5 0.5 1 1.0 1 5 2 1 0.5 2 1.5 2 
439 2.5 3 42.273971 3 0 2 0.0 0 0.0 0 3 1 3 0.5 1 0.5 1 3 2 2 1.0 3 1.5 2 
440 1.5 3 42.288735 3 0 1 0.5 0 0.5 0 3 1 5 0.5 1 1.0 1 5 2 1 0.5 2 1.5 2 
441 2.5 3 42.292087 3 0 1 0.5 0 0.5 0 3 1 5 0.5 1 1.0 1 5 2 1 0.5 2 0.5 2 
442 3.5 3 42.295551 3 0 1 0.5 0 0.5 0 3 1 5 0.5 1 1.0 1 5 2 1 0.5 2 0.5 3 
443 2.5 3 42.299712 3 0 1 0.5 0 0.5 0 3 1 5 0.5 1 1.0 1 5 2 1 0.5 2 1.5 2 
444 4.5 3 42.308427 3 0 2 0.0 0 0.0 0 3 1 3 0.5 1 0.5 1 3 2 2 0.0 4 0.5 4 
445 1.5 3 42.313236 3 0 2 0.0 0 0.0 0 3 1 3 0.5 1 0.5 1 3 2 2 1.0 3 1.5 2 
446 0.5 3 42.320043 3 0 2 0.0 0 0.0 0 3 1 3 0.5 1 0.5 1 3 2 2 1.0 3 1.5 2 
447 1.5 3 42.348202 3 0 1 0.5 0 0.5 0 3 1 5 0.5 1 1.0 1 5 2 1 0.5 2 0.5 2 
448 2.5 3 42.390930 3 0 1 0.5 0 0.5 0 3 1 5 0.5 1 1.0 1 5 2 1 0.5 2 0.5 3 
449 4.5 3 42.645756 3 0 2 0.0 0 0.0 0 3 1 3 0.5 2 0.5 2 3 2 2 1.0 3 1.5 3 
450 2.5 3 42.671694 3 0 2 0.0 0 0.0 0 3 1 3 0.5 1 0.5 1 3 2 2 0.0 2 0.5 2 
451 0.5 3 42.675256 3 0 2 0.0 0 0.0 0 3 1 3 0.5 2 0.5 2 3 2 2 0.0 2 0.5 0 
452 0.5 3 42.682314 3 0 1 0.5 0 0.5 0 3 1 5 0.5 1 1.0 1 5 3 1 0.5 3 1.5 2 
453 1.5 3 42.683430 3 0 1 0.5 0 0.5 0 3 1 5 0.5 1 1.0 1 5 3 1 0.5 3 1.5 2 
454 5.5 3 42.685704 3 0 1 0.5 0 0.5 0 3 1 5 0.5 1 1.0 1 5 3 1 0.5 3 1.5 4 
455 4.5 3 42.688068 3 0 1 0.5 0 0.5 0 3 1 5 0.5 1 1.0 1 5 3 1 0.5 3 0.5 4 
456 2.5 3 42.691219 3 0 1 0.5 0 0.5 0 3 1 5 0.5 1 1.0 1 5 3 1 0.5 3 1.5 2 
457 1.5 3 42.691701 3 0 1 0.5 0 0.5 0 3 1 5 0.5 1 1.0 1 5 3 1 0.5 3 0.5 2 
458 3.5 3 42.699881 3 0 1 0.5 0 0.5 0 3 1 5 0.5 1 1.0 1 5 3 1 0.5 3 1.5 3 
459 2.5 3 42.700823 3 0 1 0.5 0 0.5 0 3 1 5 0.5 1 1.0 1 5 3 1 0.5 3 0.5 2 
460 4.5 3 42.701055 3 0 1 0.5 0 0.5 0 3 1 5 0.5 1 1.0 1 5 3 1 0.5 3 1.5 3 
461 3.5 3 42.701998 3 0 1 0.5 0 0.5 0 3 1 5 0.5 1 1.0 1 5 3 1 0.5 3 0.5 3 
462 1.5 3 42.704895 3 0 2 0.0 0 0.0 0 3 1 3 0.5 1 0.5 1 3 2 2 0.0 2 0.5 2 
463 3.5 3 42.712648 3 0 2 0.0 0 0.0 0 3 1 3 0.5 2 0.5 2 3 2 2 1.0 3 1.5 3 
464 1.5 3 42.724872 3 0 1 0.5 0 0.5 0 3 1 5 0.5 1 1.0 1 5 4 1 0.5 4 1.5 3 
465 2.5 3 42.724956 3 0 1 0.5 0 0.5 0 3 1 5 0.5 1 1.0 1 5 4 1 0.5 4 1.5 3 
466 5.5 3 42.727412 3 0 1 0.5 0 0.5 0 3 1 5 0.5 1 1.0 1 5 4 1 0.5 4 0.5 5 
467 6.5 3 42.727417 3 0 1 0.5 0 0.5 0 3 1 5 0.5 1 1.0 1 5 4 1 0.5 4 1.5 5 
468 2.5 3 42.729760 3 0 1 0.5 0 0.5 0 3 1 5 0.5 1 1.0 1 5 4 1 0.5 4 0.5 3 
469 3.5 3 42.731163 3 0 1 0.5 0 0.5 0 3 1 5 0.5 1 1.0 1 5 4 1 0.5 4 1.5 3 
470 4.5 3 42.734040 3 0 1 0.5 0 0.5 0 3 1 5 0.5 1 1.0 1 5 4 1 0.5 4 0.5 4 
471 5.5 3 42.734053 3 0 1 0.5 0 0.5 0 3 1 5 0.5 1 1.0 1 5 4 1 0.5 4 1.5 4 
472 4.5 3 42.734166 3 0 1 0.5 0 0.5 0 3 1 5 0.5 1 1.0 1 5 4 1 0.5 4 1.5 4 
473 3.5 3 42.734199 3 0 1 0.5 0 0.5 0 3 1 5 0.5 1 1.0 1 5 4 1 0.5 4 1.5 4 
474 0.5 3 42.748008 3 0 1 0.5 0 0.5 0 3 1 5 0.5 1 1.0 1 5 2 1 0.5 2 0.5 1 
475 2.5 3 42.766525 3 0 2 0.0 0 0.0 0 3 1 3 0.5 2 0.5 2 3 2 2 1.0 3 1.5 3 
476 2.5 3 42.769384 3 0 2 0.0 0 0.0 0 3 1 3 0.5 2 0.5 2 3 2 2 0.0 4 0.5 3 
477 1.5 3 42.804680 3 0 2 0.0 0 0.0 0 3 1 3 0.5 2 0.5 2 3 2 2 1.0 3 1.5 3 
478 1.5 3 42.806645 3 0 1 0.5 0 0.5 0 3 1 5 0.5 1 1.0 1 5 2 1 0.5 2 0.5 1 
479 2.5 3 42.809721 3 0 1 0.5 0 0.5 0 3 1 5 0.5 1 1.0 1 5 3 1 0.5 3 1.5 4 
480 3.5 3 42.809970 3 0 1 0.5 0 0.5 0 3 1 5 0.5 1 1.0 1 5 3 1 0.5 3 1.5 2 
481 4.5 3 42.820783 3 0 1 0.5 0 0.5 0 3 1 5 0.5 1 1.0 1 5 3 1 0.5 3 1.5 4 
482 3.5 3 42.821546 3 0 1 0.5 0 0.5 0 3 1 5 0.5 1 1.0 1 5 3 1 0.5 3 1.5 4 
483 1.5 3 42.827002 3 0 1 0.5 0 0.5 0 3 1 5 0.5 1 1.0 1 5 3 1 0.5 3 1.5 3 
484 2.5 3 42.827527 3 0 1 0.5 0 0.5 0 3 1 5 0.5 1 1.0 1 5 3 1 0.5 3 0.5 3 
485 3.5 3 42.850395 3 0 1 0.5 0 0.5 0 3 1 5 0.5 1 1.0 1 5 4 1 0.5 4 1.5 5 
486 4.5 3 42.850462 3 0 1 0.5 0 0.5 0 3 1 5 0.5 1 1.0 1 5 4 1 0.5 4 1.5 3 
487 4.5 3 42.855891 3 0 1 0.5 0 0.5 0 3 1 5 0.5 1 1.0 1 5 4 1 0.5 4 1.5 5 
488 5.5 3 42.855906 3 0 1 0.5 0 0.5 0 3 1 5 0.5 1 1.0 1 5 4 1 0.5 4 1.5 5 
489 2.5 3 42.857852 3 0 1 0.5 0 0.5 0 3 1 5 0.5 1 1.0 1 5 4 1 0.5 4 1.5 4 
490 3.5 3 42.857861 3 0 1 0.5 0 0.5 0 3 1 5 0.5 1 1.0 1 5 4 1 0.5 4 0.5 4 
491 1.5 3 42.881337 3 0 2 0.0 0 0.0 0 3 1 3 0.5 1 0.5 1 3 2 2 1.0 1 1.5 0 
492 2.5 3 42.882380 3 0 1 0.5 0 0.5 0 3 1 5 0.5 1 1.0 1 5 3 1 0.5 3 1.5 3 
493 3.5 3 42.882640 3 0 1 0.5 0 0.5 0 3 1 5 0.5 1 1.0 1 5 3 1 0.5 3 0.5 4 
494 3.5 3 42.897638 3 0 2 0.0 0 0.0 0 3 1 3 0.5 2 0.5 2 3 2 2 0.0 4 0.5 3 
495 3.5 3 42.918230 3 0 1 0.5 0 0.5 0 3 1 5 0.5 1 1.0 1 5 4 1 0.5 4 0.5 3 
496 4.5 3 42.918271 3 0 1 0.5 0 0.5 0 3 1 5 0.5 1 1.0 1 5 4 1 0.5 4 0.5 5 
497 0.5 3 42.999570 3 0 1 0.5 0 0.5 0 3 1 5 0.5 1 0.0 1 3 2 1 0.5 2 0.5 1 
498 0.5 3 43.012753 3 0 1 0.5 0 0.5 0 3 1 5 0.5 1 0.0 1 4 1 1 0.5 1 0.5 0 
499 1.5 3 43.053027 3 0 1 0.5 0 0.5 0 3 1 5 0.5 1 0.0 1 4 1 1 0.5 1 0.5 2 
500 2.5 3 43.063700 3 0 1 0.5 0 0.5 0 3 1 5 0.5 1 0.0 1 4 1 1 0.5 1 0.5 2 
501 1.5 3 43.094367 3 0 1 0.5 0 0.5 0 3 1 5 0.5 1 0.0 1 3 2 1 0.5 2 0.5 1 
502 2.5 3 43.164739 3 0 2 0.0 0 0.0 0 3 1 3 0.5 2 0.5 2 3 2 2 1.0 1 0.5 3 
503 3.5 3 43.195478 3 0 2 0.0 0 0.0 0 3 1 3 0.5 2 0.5 2 3 2 2 1.0 1 0.5 3 
504 0.5 3 43.240365 3 0 1 0.5 0 0.5 0 3 1 5 0.5 1 0.0 1 4 1 1 0.5 1 0.5 1 
505 1.5 3 43.245886 3 0 1 0.5 0 0.5 0 3 1 5 0.5 1 0.0 1 4 1 1 0.5 1 0.5 1 
506 1.5 3 43.299863 3 0 2 0.0 0 0.0 0 3 1 3 0.5 1 0.5 1 3 2 2 1.0 1 0.5 2 
507 0.5 3 43.306883 3 0 2 0.0 0 0.0 0 3 1 3 0.5 2 0.5 2 3 2 2 1.0 3 1.5 1 
508 1.5 3 43.318032 3 0 2 0.0 0 0.0 0 3 1 3 0.5 2 0.5 2 3 2 2 1.0 3 1.5 1 
509 2.5 3 43.331827 3 0 2 0.0 0 0.0 0 3 1 3 0.5 2 0.5 2 3 2 2 1.0 3 1.5 1 
510 2.5 3 43.363002 3 0 2 0.0 0 0.0 0 3 1 3 0.5 1 0.5 1 3 2 2 1.0 1 0.5 2 
511 3.5 3 43.754032 3 0 2 0.0 0 0.0 0 3 1 3 1.5 0 1.5 0 3 2 2 1.0 3 0.5 3 
512 2.5 3 43.867230 3 0 2 0.0 0 0.0 0 3 1 3 1.5 0 1.5 0 3 2 2 1.0 3 0.5 3 
513 4.5 3 44.125988 3 0 2 0.0 0 0.0 0 3 1 3 0.5 2 0.5 2 3 2 2 1.0 3 0.5 4 
514 3.5 3 44.144898 3 0 2 0.0 0 0.0 0 3 1 3 0.5 2 0.5 2 3 2 2 1.0 3 0.5 4 
515 1.5 3 44.399247 3 0 2 0.0 0 0.0 0 3 1 3 0.5 2 0.5 2 3 2 2 1.0 3 0.5 2 
516 2.5 3 44.399693 3 0 2 0.0 0 0.0 0 3 1 3 0.5 2 0.5 2 3 2 2 1.0 3 0.5 2 
517 2.5 3 44.944772 3 0 2 0.0 0 0.0 0 3 1 3 0.5 2 0.5 2 3 2 2 1.0 3 0.5 3 
518 3.5 3 44.945952 3 0 2 0.0 0 0.0 0 3 1 3 0.5 2 0.5 2 3 2 2 1.0 3 0.5 3 
519 0.5 3 45.306221 3 0 2 0.0 0 0.0 0 3 1 3 0.5 1 0.5 1 3 2 2 1.0 1 0.5 1 
520 1.5 3 45.331850 3 0 2 0.0 0 0.0 0 3 1 3 0.5 1 0.5 1 3 2 2 1.0 1 0.5 1 
521 2.5 3 45.552157 3 0 1 0.5 0 0.5 0 3 1 5 0.5 1 0.0 1 3 2 1 0.5 2 0.5 2 
522 1.5 3 45.565934 3 0 1 0.5 0 0.5 0 3 1 5 0.5 1 0.0 1 3 2 1 0.5 2 0.5 2 
523 1.5 3 46.203961 3 0 1 0.5 0 0.5 0 3 1 5 0.5 1 0.0 1 5 0 1 0.5 0 0.5 1 
524 0.5 3 46.205350 3 0 1 0.5 0 0.5 0 3 1 5 0.5 1 0.0 1 5 0 1 0.5 0 0.5 1 
525 0.5 3 46.517303 3 0 1 0.5 0 0.5 0 3 1 5 0.5 1 0.0 1 4 2 1 0.5 2 0.5 1 
526 1.5 3 46.522806 3 0 1 0.5 0 0.5 0 3 1 5 0.5 1 0.0 1 4 2 1 0.5 2 0.5 1 
527 2.5 3 46.556088 3 0 1 0.5 0 0.5 0 3 1 5 0.5 1 0.0 1 4 2 1 0.5 2 0.5 3 
528 3.5 3 46.556303 3 0 1 0.5 0 0.5 0 3 1 5 0.5 1 0.0 1 4 2 1 0.5 2 0.5 3 
529 2.5 3 46.694568 3 0 1 0.5 0 0.5 0 3 1 5 0.5 1 0.0 1 4 2 1 0.5 2 0.5 2 
530 1.5 3 46.699207 3 0 1 0.5 0 0.5 0 3 1 5 0.5 1 0.0 1 4 2 1 0.5 2 0.5 2 
531 2.5 3 46.863426 3 0 2 0.0 0 0.0 0 3 1 3 0.5 1 0.5 1 3 2 2 1.0 3 0.5 2 
532 1.5 3 46.884268 3 0 2 0.0 0 0.0 0 3 1 3 0.5 1 0.5 1 3 2 2 1.0 3 0.5 2 
533 0.5 3 47.059023 3 0 1 0.5 0 0.5 0 3 1 5 0.5 1 0.0 1 5 1 1 0.5 1 0.5 0 
534 1.5 3 47.100641 3 0 1 0.5 0 0.5 0 3 1 5 0.5 1 0.0 1 5 1 1 0.5 1 0.5 2 
535 2.5 3 47.104772 3 0 1 0.5 0 0.5 0 3 1 5 0.5 1 0.0 1 5 1 1 0.5 1 0.5 2 
536 0.5 3 47.159910 3 0 1 0.5 0 0.5 0 3 1 5 0.5 1 0.0 1 5 1 1 0.5 1 0.5 1 
537 1.5 3 47.162034 3 0 1 0.5 0 0.5 0 3 1 5 0.5 1 0.0 1 5 1 1 0.5 1 0.5 1 
538 3.5 3 47.382768 3 0 2 0.0 0 0.0 0 3 1 3 0.5 1 0.5 1 3 2 2 0.0 4 0.5 3 
539 2.5 3 47.499783 3 0 2 0.0 0 0.0 0 3 1 3 0.5 1 0.5 1 3 2 2 0.0 4 0.5 3 
540 1.5 3 47.586648 3 0 2 0.0 0 0.0 0 3 1 3 0.5 2 0.5 2 3 2 2 1.0 3 0.5 1 
541 0.5 3 47.603815 3 0 2 0.0 0 0.0 0 3 1 3 0.5 2 0.5 2 3 2 2 1.0 3 0.5 1 
542 2.5 3 47.728248 3 0 1 0.5 0 0.5 0 3 1 5 0.5 1 0.0 1 4 3 1 0.5 3 0.5 2 
543 1.5 3 47.728294 3 0 1 0.5 0 0.5 0 3 1 5 0.5 1 0.0 1 4 3 1 0.5 3 0.5 2 
544 3.5 3 47.756986 3 0 1 0.5 0 0.5 0 3 1 5 0.5 1 0.0 1 4 3 1 0.5 3 0.5 4 
545 4.5 3 47.757056 3 0 1 0.5 0 0.5 0 3 1 5 0.5 1 0.0 1 4 3 1 0.5 3 0.5 4 
546 2.5 3 47.801034 3 0 1 0.5 0 0.5 0 3 1 5 0.5 1 0.0 1 4 3 1 0.5 3 0.5 3 
547 3.5 3 47.801084 3 0 1 0.5 0 0.5 0 3 1 5 0.5 1 0.0 1 4 3 1 0.5 3 0.5 3 
548 2.5 3 47.975301 3 0 1 0.5 0 0.5 0 3 1 4 1.0 1 1.5 1 3 2 2 1.0 1 2.5 0 
549 4.5 3 48.293691 3 0 1 0.5 0 0.5 0 3 1 4 1.0 1 1.5 1 3 2 2 1.0 3 2.5 2 
550 3.5 3 48.295530 3 0 1 0.5 0 0.5 0 3 1 4 1.0 1 1.5 1 3 2 2 1.0 3 2.5 2 
551 2.5 3 48.297490 3 0 1 0.5 0 0.5 0 3 1 4 1.0 1 1.5 1 3 2 2 1.0 3 2.5 2 
552 1.5 3 48.299209 3 0 1 0.5 0 0.5 0 3 1 4 1.0 1 1.5 1 3 2 2 1.0 3 2.5 2 
553 0.5 3 48.300382 3 0 1 0.5 0 0.5 0 3 1 4 1.0 1 1.5 1 3 2 2 1.0 3 2.5 2 
554 1.5 3 48.452747 3 0 1 0.5 0 0.5 0 3 1 5 0.5 1 0.0 1 5 2 1 0.5 2 0.5 1 
555 2.5 3 48.456894 3 0 1 0.5 0 0.5 0 3 1 5 0.5 1 0.0 1 5 2 1 0.5 2 0.5 3 
556 3.5 3 48.457023 3 0 1 0.5 0 0.5 0 3 1 5 0.5 1 0.0 1 5 2 1 0.5 2 0.5 3 
557 0.5 3 48.469119 3 0 1 0.5 0 0.5 0 3 1 5 0.5 1 0.0 1 5 2 1 0.5 2 0.5 1 
558 2.5 3 48.526308 3 0 1 0.5 0 0.5 0 3 1 5 0.5 1 0.0 1 5 2 1 0.5 2 0.5 2 
559 1.5 3 48.526582 3 0 1 0.5 0 0.5 0 3 1 5 0.5 1 0.0 1 5 2 1 0.5 2 0.5 2 
560 5.5 3 48.621733 3 0 1 0.5 0 0.5 0 3 1 4 1.0 1 1.5 1 3 2 2 1.0 3 2.5 3 
561 4.5 3 48.633104 3 0 1 0.5 0 0.5 0 3 1 4 1.0 1 1.5 1 3 2 2 1.0 3 2.5 3 
562 3.5 3 48.642008 3 0 1 0.5 0 0.5 0 3 1 4 1.0 1 1.5 1 3 2 2 1.0 3 2.5 3 
563 2.5 3 48.648387 3 0 1 0.5 0 0.5 0 3 1 4 1.0 1 1.5 1 3 2 2 1.0 3 2.5 3 
564 1.5 3 48.652540 3 0 1 0.5 0 0.5 0 3 1 4 1.0 1 1.5 1 3 2 2 1.0 3 2.5 3 
565 0.5 3 48.654842 3 0 1 0.5 0 0.5 0 3 1 4 1.0 1 1.5 1 3 2 2 1.0 3 2.5 3 
566 2.5 3 48.994470 3 0 1 0.5 0 0.5 0 3 1 5 0.5 1 0.0 1 5 3 1 0.5 3 0.5 2 
567 1.5 3 48.994535 3 0 1 0.5 0 0.5 0 3 1 5 0.5 1 0.0 1 5 3 1 0.5 3 0.5 2 
568 3.5 3 49.012332 3 0 1 0.5 0 0.5 0 3 1 5 0.5 1 0.0 1 5 3 1 0.5 3 0.5 4 
569 4.5 3 49.012375 3 0 1 0.5 0 0.5 0 3 1 5 0.5 1 0.0 1 5 3 1 0.5 3 0.5 4 
570 2.5 3 49.034500 3 0 1 0.5 0 0.5 0 3 1 5 0.5 1 0.0 1 5 3 1 0.5 3 0.5 3 
571 3.5 3 49.034529 3 0 1 0.5 0 0.5 0 3 1 5 0.5 1 0.0 1 5 3 1 0.5 3 0.5 3 
572 2.5 3 49.047538 3 0 1 0.5 0 0.5 0 3 1 5 0.5 1 0.0 1 5 4 1 0.5 4 0.5 3 
573 3.5 3 49.047557 3 0 1 0.5 0 0.5 0 3 1 5 0.5 1 0.0 1 5 4 1 0.5 4 0.5 3 
574 4.5 3 49.052670 3 0 1 0.5 0 0.5 0 3 1 5 0.5 1 0.0 1 5 4 1 0.5 4 0.5 5 
575 5.5 3 49.052690 3 0 1 0.5 0 0.5 0 3 1 5 0.5 1 0.0 1 5 4 1 0.5 4 0.5 5 
576 3.5 3 49.062841 3 0 1 0.5 0 0.5 0 3 1 5 0.5 1 0.0 1 5 4 1 0.5 4 0.5 4 
577 4.5 3 49.062860 3 0 1 0.5 0 0.5 0 3 1 5 0.5 1 0.0 1 5 4 1 0.5 4 0.5 4 
578 6.5 3 49.104731 3 0 1 0.5 0 0.5 0 3 1 4 1.0 1 1.5 1 3 2 2 1.0 3 2.5 4 
579 5.5 3 49.146552 3 0 1 0.5 0 0.5 0 3 1 4 1.0 1 1.5 1 3 2 2 1.0 3 2.5 4 
580 4.5 3 49.179358 3 0 1 0.5 0 0.5 0 3 1 4 1.0 1 1.5 1 3 2 2 1.0 3 2.5 4 
581 3.5 3 49.204696 3 0 1 0.5 0 0.5 0 3 1 4 1.0 1 1.5 1 3 2 2 1.0 3 2.5 4 
582 2.5 3 49.223563 3 0 1 0.5 0 0.5 0 3 1 4 1.0 1 1.5 1 3 2 2 1.0 3 2.5 4 
583 1.5 3 49.236622 3 0 1 0.5 0 0.5 0 3 1 4 1.0 1 1.5 1 3 2 2 1.0 3 2.5 4 
584 1.5 3 49.926605 3 0 2 0.0 0 0.0 0 3 1 3 0.5 2 0.5 2 3 2 2 1.0 1 0.5 1 
585 0.5 3 49.982525 3 0 2 0.0 0 0.0 0 3 1 3 0.5 2 0.5 2 3 2 2 1.0 1 0.5 1 
586 3.5 3 50.657623 3 0 1 0.5 0 0.5 0 3 1 4 1.0 1 1.5 1 3 2 2 1.0 1 2.5 2 
587 4.5 3 50.666015 3 0 1 0.5 0 0.5 0 3 1 4 1.0 1 1.5 1 3 2 2 1.0 1 2.5 2 
588 2.5 3 50.675764 3 0 1 0.5 0 0.5 0 3 1 4 1.0 1 1.5 1 3 2 2 1.0 1 2.5 2 
589 1.5 3 50.691028 3 0 1 0.5 0 0.5 0 3 1 4 1.0 1 1.5 1 3 2 2 1.0 1 2.5 2 
590 0.5 3 50.701089 3 0 1 0.5 0 0.5 0 3 1 4 1.0 1 1.5 1 3 2 2 1.0 1 2.5 2 
591 3.5 3 50.727111 3 0 1 0.5 0 0.5 0 3 1 4 1.0 1 1.5 1 3 2 2 1.0 1 2.5 1 
592 2.5 3 50.762868 3 0 1 0.5 0 0.5 0 3 1 4 1.0 1 1.5 1 3 2 2 1.0 1 2.5 1 
593 1.5 3 50.784821 3 0 1 0.5 0 0.5 0 3 1 4 1.0 1 1.5 1 3 2 2 1.0 1 2.5 1 
594 1.5 2 50.905772 3 1 6 0.0 0 0.0 0 3 2 1 0.5 2 0.5 2 0 0 0 0.0 0 0.0 0 
595 2.5 2 50.923717 3 1 6 0.0 0 0.0 0 3 2 1 0.5 2 0.5 2 0 0 0 0.0 0 0.0 0 
596 5.5 3 51.068850 3 0 1 0.5 0 0.5 0 3 1 4 1.0 1 1.5 1 3 2 2 0.0 4 1.5 4 
597 4.5 3 51.086984 3 0 1 0.5 0 0.5 0 3 1 4 1.0 1 1.5 1 3 2 2 0.0 2 1.5 3 
598 4.5 3 51.094040 3 0 1 0.5 0 0.5 0 3 1 4 1.0 1 1.5 1 3 2 2 0.0 4 1.5 4 
599 3.5 3 51.117302 3 0 1 0.5 0 0.5 0 3 1 4 1.0 1 1.5 1 3 2 2 0.0 4 1.5 4 
600 0.5 3 51.123711 3 0 1 0.5 0 0.5 0 3 1 4 1.0 1 1.5 1 3 2 2 0.0 2 1.5 1 
601 3.5 3 51.124182 3 0 1 0.5 0 0.5 0 3 1 4 1.0 1 1.5 1 3 2 2 0.0 2 1.5 3 
602 1.5 3 51.135430 3 0 1 0.5 0 0.5 0 3 1 4 1.0 1 1.5 1 3 2 2 0.0 2 1.5 1 
603 2.5 3 51.137325 3 0 1 0.5 0 0.5 0 3 1 4 1.0 1 1.5 1 3 2 2 0.0 4 1.5 4 
604 2.5 3 51.150288 3 0 1 0.5 0 0.5 0 3 1 4 1.0 1 1.5 1 3 2 2 0.0 2 1.5 3 
605 2.5 3 51.158277 3 0 1 0.5 0 0.5 0 3 1 4 1.0 1 1.5 1 3 2 2 0.0 2 1.5 1 
606 1.5 3 51.174402 3 0 1 0.5 0 0.5 0 3 1 4 1.0 1 1.5 1 3 2 2 0.0 2 1.5 3 
607 3.5 3 51.792792 3 0 1 0.5 0 0.5 0 3 1 4 1.0 1 1.5 1 3 2 2 0.0 2 1.5 2 
608 2.5 3 51.823690 3 0 1 0.5 0 0.5 0 3 1 4 1.0 1 1.5 1 3 2 2 0.0 2 1.5 2 
609 1.5 3 51.843336 3 0 1 0.5 0 0.5 0 3 1 4 1.0 1 1.5 1 3 2 2 0.0 2 1.5 2 
610 0.5 3 51.854220 3 0 1 0.5 0 0.5 0 3 1 4 1.0 1 1.5 1 3 2 2 0.0 2 1.5 2 
611 6.5 3 52.101189 3 0 1 0.5 0 0.5 0 3 1 4 1.0 1 1.5 1 3 2 2 0.0 4 1.5 5 
612 5.5 3 52.156290 3 0 1 0.5 0 0.5 0 3 1 4 1.0 1 1.5 1 3 2 2 0.0 4 1.5 5 
613 4.5 3 52.201011 3 0 1 0.5 0 0.5 0 3 1 4 1.0 1 1.5 1 3 2 2 0.0 4 1.5 5 
614 3.5 3 52.236374 3 0 1 0.5 0 0.5 0 3 1 4 1.0 1 1.5 1 3 2 2 0.0 4 1.5 5 
615 1.5 3 52.369908 3 0 1 0.5 0 0.5 0 3 1 4 1.0 1 1.5 1 3 2 2 0.0 4 1.5 3 
616 2.5 3 52.375071 3 0 1 0.5 0 0.5 0 3 1 4 1.0 1 1.5 1 3 2 2 0.0 4 1.5 3 
617 3.5 3 52.383593 3 0 1 0.5 0 0.5 0 3 1 4 1.0 1 1.5 1 3 2 2 0.0 4 1.5 3 
618 4.5 3 52.396998 3 0 1 0.5 0 0.5 0 3 1 4 1.0 1 1.5 1 3 2 2 0.0 4 1.5 3 
619 3.5 3 53.141239 3 0 1 0.5 0 0.5 0 3 1 4 1.0 1 1.5 1 3 2 2 1.0 1 1.5 2 
620 2.5 3 53.150812 3 0 1 0.5 0 0.5 0 3 1 4 1.0 1 1.5 1 3 2 2 1.0 1 1.5 2 
621 1.5 3 53.165215 3 0 1 0.5 0 0.5 0 3 1 4 1.0 1 1.5 1 3 2 2 1.0 1 1.5 2 
622 0.5 3 53.176704 3 0 1 0.5 0 0.5 0 3 1 4 1.0 1 1.5 1 3 2 2 1.0 1 1.5 2 
623 2.5 3 53.353612 3 0 1 0.5 0 0.5 0 3 1 4 1.0 1 1.5 1 3 2 2 1.0 1 1.5 1 
624 1.5 3 53.381641 3 0 1 0.5 0 0.5 0 3 1 4 1.0 1 1.5 1 3 2 2 1.0 1 1.5 1 
625 5.5 3 53.389570 3 0 1 0.5 0 0.5 0 3 1 4 1.0 1 1.5 1 3 2 2 1.0 3 1.5 4 
626 0.5 3 53.396357 3 0 1 0.5 0 0.5 0 3 1 4 1.0 1 1.5 1 3 2 2 1.0 1 1.5 1 
627 4.5 3 53.397193 3 0 1 0.5 0 0.5 0 3 1 4 1.0 1 1.5 1 3 2 2 1.0 3 1.5 4 
628 3.5 3 53.402142 3 0 1 0.5 0 0.5 0 3 1 4 1.0 1 1.5 1 3 2 2 1.0 3 1.5 4 
629 2.5 3 53.405315 3 0 1 0.5 0 0.5 0 3 1 4 1.0 1 1.5 1 3 2 2 1.0 3 1.5 4 
630 4.5 3 53.901889 3 0 1 0.5 0 0.5 0 3 1 4 1.0 1 1.5 1 3 2 2 1.0 3 0.5 4 
631 3.5 3 53.966005 3 0 1 0.5 0 0.5 0 3 1 4 1.0 1 1.5 1 3 2 2 1.0 3 0.5 4 
632 1.5 3 53.980263 3 0 1 0.5 0 0.5 0 3 1 4 1.0 1 1.5 1 3 2 2 1.0 3 1.5 3 
633 2.5 3 53.995391 3 0 1 0.5 0 0.5 0 3 1 4 1.0 1 1.5 1 3 2 2 0.0 0 1.5 1 
634 2.5 3 54.006630 3 0 1 0.5 0 0.5 0 3 1 4 1.0 1 1.5 1 3 2 2 1.0 3 1.5 3 
635 3.5 3 54.030501 3 0 1 0.5 0 0.5 0 3 1 4 1.0 1 1.5 1 3 2 2 1.0 3 1.5 3 
636 4.5 3 54.061825 3 0 1 0.5 0 0.5 0 3 1 4 1.0 1 1.5 1 3 2 2 1.0 3 1.5 3 
637 1.5 3 54.067605 3 0 1 0.5 0 0.5 0 3 1 4 1.0 1 1.5 1 3 2 2 1.0 3 0.5 2 
638 2.5 3 54.072755 3 0 1 0.5 0 0.5 0 3 1 4 1.0 1 1.5 1 3 2 2 1.0 3 0.5 2 
639 1.5 3 54.096326 3 0 1 0.5 0 0.5 0 3 1 4 1.0 1 1.5 1 3 2 2 0.0 0 1.5 1 
640 0.5 3 54.137391 3 0 1 0.5 0 0.5 0 3 1 4 1.0 1 1.5 1 3 2 2 0.0 0 1.5 1 
641 0.5 3 54.219756 3 0 1 0.5 0 0.5 0 3 1 4 1.0 1 1.5 1 3 2 2 1.0 3 1.5 2 
642 1.5 3 54.243051 3 0 1 0.5 0 0.5 0 3 1 4 1.0 1 1.5 1 3 2 2 1.0 3 1.5 2 
643 2.5 3 54.279300 3 0 1 0.5 0 0.5 0 3 1 4 1.0 1 1.5 1 3 2 2 1.0 3 1.5 2 
644 3.5 3 54.327474 3 0 1 0.5 0 0.5 0 3 1 4 1.0 1 1.5 1 3 2 2 1.0 3 1.5 2 
645 3.5 3 54.546314 3 0 1 0.5 0 0.5 0 3 1 4 0.0 2 0.5 2 3 2 2 1.0 3 1.5 5 
646 4.5 3 54.547975 3 0 1 0.5 0 0.5 0 3 1 4 0.0 2 0.5 2 3 2 2 1.0 3 1.5 5 
647 5.5 3 54.549982 3 0 1 0.5 0 0.5 0 3 1 4 0.0 2 0.5 2 3 2 2 1.0 3 1.5 5 
648 6.5 3 54.552239 3 0 1 0.5 0 0.5 0 3 1 4 0.0 2 0.5 2 3 2 2 1.0 3 1.5 5 
649 2.5 3 54.569562 3 0 1 0.5 0 0.5 0 3 1 4 1.0 1 1.5 1 3 2 2 1.0 3 0.5 3 
650 3.5 3 54.587217 3 0 1 0.5 0 0.5 0 3 1 4 1.0 1 1.5 1 3 2 2 1.0 3 0.5 3 
651 0.5 3 54.823498 3 0 1 0.5 0 0.5 0 3 1 4 0.0 2 0.5 2 3 2 2 0.0 2 0.5 0 
652 1.5 3 55.140831 3 0 1 0.5 0 0.5 0 3 1 4 1.0 1 1.5 1 3 2 2 1.0 1 0.5 1 
653 0.5 3 55.210805 3 0 1 0.5 0 0.5 0 3 1 4 1.0 1 1.5 1 3 2 2 1.0 1 0.5 1 
654 1.5 3 55.269628 3 0 1 0.5 0 0.5 0 3 1 4 1.0 1 1.5 1 3 2 2 1.0 1 1.5 0 
655 5.5 3 55.750243 3 0 1 0.5 0 0.5 0 3 1 4 0.0 2 0.5 2 3 2 2 0.0 4 0.5 6 
656 6.5 3 55.752782 3 0 1 0.5 0 0.5 0 3 1 4 0.0 2 0.5 2 3 2 2 0.0 4 0.5 6 
657 2.5 3 55.955792 3 0 1 0.5 0 0.5 0 3 1 4 1.0 1 1.5 1 3 2 2 1.0 1 0.5 2 
658 1.5 3 55.981316 3 0 1 0.5 0 0.5 0 3 1 4 1.0 1 1.5 1 3 2 2 1.0 1 0.5 2 
659 3.5 3 56.504220 3 0 1 0.5 0 0.5 0 3 1 4 0.0 2 0.5 2 3 2 2 0.0 2 0.5 4 
660 4.5 3 56.506189 3 0 1 0.5 0 0.5 0 3 1 4 0.0 2 0.5 2 3 2 2 0.0 2 0.5 4 
661 5.5 3 56.712163 3 0 1 0.5 0 0.5 0 3 1 4 0.0 2 0.5 2 3 2 2 1.0 3 1.5 4 
662 4.5 3 56.723580 3 0 1 0.5 0 0.5 0 3 1 4 0.0 2 0.5 2 3 2 2 1.0 3 1.5 4 
663 3.5 3 56.733151 3 0 1 0.5 0 0.5 0 3 1 4 0.0 2 0.5 2 3 2 2 1.0 3 1.5 4 
664 2.5 3 56.740499 3 0 1 0.5 0 0.5 0 3 1 4 0.0 2 0.5 2 3 2 2 1.0 3 1.5 4 
665 2.5 3 56.842211 3 0 1 0.5 0 0.5 0 3 1 4 0.0 2 0.5 2 3 2 2 1.0 1 1.5 3 
666 3.5 3 56.844727 3 0 1 0.5 0 0.5 0 3 1 4 0.0 2 0.5 2 3 2 2 1.0 1 1.5 3 
667 1.5 3 56.845383 3 0 1 0.5 0 0.5 0 3 1 4 0.0 2 0.5 2 3 2 2 1.0 1 1.5 3 
668 4.5 3 56.853050 3 0 1 0.5 0 0.5 0 3 1 4 0.0 2 0.5 2 3 2 2 1.0 1 1.5 3 
669 4.5 3 56.920103 3 0 1 0.5 0 0.5 0 3 1 4 0.0 2 0.5 2 3 2 2 1.0 3 0.5 5 
670 5.5 3 56.926275 3 0 1 0.5 0 0.5 0 3 1 4 0.0 2 0.5 2 3 2 2 1.0 3 0.5 5 
671 2.5 3 56.949808 3 0 1 0.5 0 0.5 0 3 1 4 0.0 2 0.5 2 3 2 2 1.0 1 0.5 3 
672 3.5 3 56.989088 3 0 1 0.5 0 0.5 0 3 1 4 0.0 2 0.5 2 3 2 2 1.0 1 0.5 3 
673 0.5 3 57.263664 3 0 1 0.5 0 0.5 0 3 1 4 0.0 2 0.5 2 3 2 2 1.0 3 1.5 2 
674 1.5 3 57.271993 3 0 1 0.5 0 0.5 0 3 1 4 0.0 2 0.5 2 3 2 2 1.0 3 1.5 2 
675 2.5 3 57.281518 3 0 1 0.5 0 0.5 0 3 1 4 0.0 2 0.5 2 3 2 2 1.0 3 1.5 2 
676 3.5 3 57.290173 3 0 1 0.5 0 0.5 0 3 1 4 0.0 2 0.5 2 3 2 2 1.0 3 1.5 2 
677 0.5 3 57.445443 3 0 1 0.5 0 0.5 0 3 1 4 0.0 2 0.5 2 3 2 2 1.0 3 0.5 1 
678 1.5 3 57.486728 3 0 1 0.5 0 0.5 0 3 1 4 0.0 2 0.5 2 3 2 2 1.0 3 0.5 1 
679 4.5 3 57.495937 3 0 1 0.5 0 0.5 0 3 1 4 0.0 2 0.5 2 3 2 2 0.0 4 0.5 5 
680 5.5 3 57.503827 3 0 1 0.5 0 0.5 0 3 1 4 0.0 2 0.5 2 3 2 2 0.0 4 0.5 5 
681 3.5 3 57.573167 3 0 1 0.5 0 0.5 0 3 1 4 0.0 2 0.5 2 3 2 2 1.0 3 0.5 4 
682 4.5 3 57.576367 3 0 1 0.5 0 0.5 0 3 1 4 0.0 2 0.5 2 3 2 2 1.0 3 0.5 4 
683 1.5 3 57.830183 3 0 1 0.5 0 0.5 0 3 1 4 0.0 2 0.5 2 3 2 2 1.0 3 1.5 3 
684 2.5 3 57.836878 3 0 1 0.5 0 0.5 0 3 1 4 0.0 2 0.5 2 3 2 2 1.0 3 1.5 3 
685 3.5 3 57.847288 3 0 1 0.5 0 0.5 0 3 1 4 0.0 2 0.5 2 3 2 2 1.0 3 1.5 3 
686 4.5 3 57.862347 3 0 1 0.5 0 0.5 0 3 1 4 0.0 2 0.5 2 3 2 2 1.0 3 1.5 3 
687 2.5 3 58.147323 3 0 1 0.5 0 0.5 0 3 1 4 0.0 2 0.5 2 3 2 2 1.0 3 0.5 2 
688 1.5 3 58.160314 3 0 1 0.5 0 0.5 0 3 1 4 0.0 2 0.5 2 3 2 2 1.0 3 0.5 2 
689 3.5 3 58.262120 3 0 1 0.5 0 0.5 0 3 1 4 0.0 2 0.5 2 3 2 2 1.0 1 1.5 2 
690 2.5 3 58.281311 3 0 1 0.5 0 0.5 0 3 1 4 0.0 2 0.5 2 3 2 2 1.0 1 1.5 2 
691 1.5 3 58.287276 3 0 1 0.5 0 0.5 0 3 1 4 0.0 2 0.5 2 3 2 2 1.0 1 1.5 2 
692 0.5 3 58.291004 3 0 1 0.5 0 0.5 0 3 1 4 0.0 2 0.5 2 3 2 2 1.0 1 1.5 2 
693 1.5 3 58.328820 3 0 1 0.5 0 0.5 0 3 1 4 0.0 2 0.5 2 3 2 2 1.0 1 0.5 1 
694 0.5 3 58.358961 3 0 1 0.5 0 0.5 0 3 1 4 0.0 2 0.5 2 3 2 2 1.0 1 0.5 1 
695 2.5 3 58.370046 3 0 1 0.5 0 0.5 0 3 1 4 0.0 2 0.5 2 3 2 2 1.0 1 0.5 2 
696 1.5 3 58.370133 3 0 1 0.5 0 0.5 0 3 1 4 0.0 2 0.5 2 3 2 2 1.0 1 0.5 2 
697 0.5 2 58.400634 3 1 6 0.0 0 0.0 0 4 0 1 0.5 0 0.5 0 0 0 0 0.0 0 0.0 0 
698 3.5 3 58.582226 3 0 1 0.5 0 0.5 0 3 1 4 0.0 2 0.5 2 3 2 2 0.0 4 0.5 4 
699 1.5 3 58.586604 3 0 1 0.5 0 0.5 0 3 1 4 0.0 0 0.5 0 3 2 2 1.0 3 1.5 3 
700 0.5 3 58.589652 3 0 1 0.5 0 0.5 0 3 1 4 0.0 2 0.5 2 3 2 2 1.0 1 1.5 1 
701 2.5 3 58.594189 3 0 1 0.5 0 0.5 0 3 1 4 0.0 0 0.5 0 3 2 2 1.0 3 1.5 3 
702 1.5 3 58.594406 3 0 1 0.5 0 0.5 0 3 1 4 0.0 2 0.5 2 3 2 2 1.0 1 1.5 1 
703 4.5 3 58.598439 3 0 1 0.5 0 0.5 0 3 1 4 0.0 2 0.5 2 3 2 2 0.0 4 0.5 4 
704 2.5 3 58.600157 3 0 1 0.5 0 0.5 0 3 1 4 0.0 2 0.5 2 3 2 2 1.0 1 1.5 1 
705 3.5 3 58.613902 3 0 1 0.5 0 0.5 0 3 1 4 0.0 0 0.5 0 3 2 2 1.0 3 1.5 3 
706 4.5 3 58.648708 3 0 1 0.5 0 0.5 0 3 1 4 0.0 0 0.5 0 3 2 2 1.0 3 1.5 3 
707 3.5 3 58.714921 3 0 1 0.5 0 0.5 0 3 1 4 0.0 2 0.5 2 3 2 2 1.0 3 0.5 3 
708 2.5 3 58.714986 3 0 1 0.5 0 0.5 0 3 1 4 0.0 2 0.5 2 3 2 2 1.0 3 0.5 3 
709 2.5 3 59.323440 3 0 1 0.5 0 0.5 0 3 1 4 0.0 2 0.5 2 3 2 2 0.0 4 0.5 3 
710 3.5 3 59.326699 3 0 1 0.5 0 0.5 0 3 1 4 0.0 2 0.5 2 3 2 2 0.0 4 0.5 3 
711 2.5 3 59.365174 3 0 1 0.5 0 0.5 0 3 1 4 0.0 2 0.5 2 3 2 2 1.0 3 1.5 1 
712 1.5 3 59.369383 3 0 1 0.5 0 0.5 0 3 1 4 0.0 2 0.5 2 3 2 2 1.0 3 1.5 1 
713 0.5 3 59.372277 3 0 1 0.5 0 0.5 0 3 1 4 0.0 2 0.5 2 3 2 2 1.0 3 1.5 1 
714 2.5 3 59.535725 3 0 1 0.5 0 0.5 0 3 1 4 0.0 2 0.5 2 3 2 2 0.0 0 0.5 2 
715 1.5 3 59.577726 3 0 1 0.5 0 0.5 0 3 1 4 0.0 2 0.5 2 3 2 2 0.0 0 0.5 2 
716 1.5 3 59.598671 3 0 1 0.5 0 0.5 0 3 1 4 0.0 0 0.5 0 3 2 2 1.0 1 1.5 1 
717 2.5 3 59.599439 3 0 1 0.5 0 0.5 0 3 1 4 0.0 0 0.5 0 3 2 2 1.0 1 1.5 1 
718 0.5 3 59.603730 3 0 1 0.5 0 0.5 0 3 1 4 0.0 0 0.5 0 3 2 2 1.0 1 1.5 1 
719 3.5 3 59.625216 3 0 1 0.5 0 0.5 0 3 1 4 1.0 1 0.5 1 3 2 2 0.0 2 0.5 3 
720 2.5 3 59.643409 3 0 1 0.5 0 0.5 0 3 1 4 1.0 1 0.5 1 3 2 2 0.0 2 0.5 3 
721 2.5 3 60.054822 3 0 1 0.5 0 0.5 0 3 1 4 0.0 0 0.5 0 3 2 2 1.0 3 0.5 3 
722 5.5 3 60.067235 3 0 1 0.5 0 0.5 0 3 1 4 1.0 1 0.5 1 3 2 2 1.0 3 1.5 4 
723 3.5 3 60.081271 3 0 1 0.5 0 0.5 0 3 1 4 0.0 0 0.5 0 3 2 2 1.0 3 0.5 3 
724 4.5 3 60.106095 3 0 1 0.5 0 0.5 0 3 1 4 1.0 1 0.5 1 3 2 2 1.0 3 1.5 4 
725 3.5 3 60.119627 3 0 1 0.5 0 0.5 0 3 1 4 0.0 0 0.5 0 3 2 2 0.0 4 0.5 4 
726 1.5 3 60.130787 3 0 1 0.5 0 0.5 0 3 1 4 0.0 0 0.5 0 3 2 2 0.0 2 0.5 2 
727 4.5 3 60.133130 3 0 1 0.5 0 0.5 0 3 1 4 0.0 0 0.5 0 3 2 2 0.0 4 0.5 4 
728 3.5 3 60.174398 3 0 1 0.5 0 0.5 0 3 1 4 1.0 1 0.5 1 3 2 2 1.0 3 1.5 4 
729 2.5 3 60.181130 3 0 1 0.5 0 0.5 0 3 1 4 1.0 1 0.5 1 3 2 2 1.0 3 1.5 4 
730 2.5 3 60.223338 3 0 1 0.5 0 0.5 0 3 1 4 0.0 0 0.5 0 3 2 2 0.0 2 0.5 2 
731 1.5 3 60.395659 3 0 1 0.5 0 0.5 0 3 1 4 1.0 1 0.5 1 3 2 2 1.0 1 1.5 0 
732 0.5 3 60.755359 3 0 1 0.5 0 0.5 0 3 1 4 0.0 2 0.5 2 3 2 2 0.0 2 0.5 1 
733 1.5 3 60.755995 3 0 1 0.5 0 0.5 0 3 1 4 0.0 2 0.5 2 3 2 2 0.0 2 0.5 1 
734 0.5 2 60.840930 3 1 6 0.0 0 0.0 0 4 1 1 0.5 1 0.5 1 0 0 0 0.0 0 0.0 0 
735 1.5 2 60.855333 3 1 6 0.0 0 0.0 0 4 1 1 0.5 1 0.5 1 0 0 0 0.0 0 0.0 0 
736 3.5 3 61.168801 3 0 1 0.5 0 0.5 0 3 1 4 1.0 1 0.5 1 3 2 2 1.0 3 1.5 2 
737 2.5 3 61.202478 3 0 1 0.5 0 0.5 0 3 1 4 1.0 1 0.5 1 3 2 2 1.0 3 1.5 2 
738 1.5 3 61.212690 3 0 1 0.5 0 0.5 0 3 1 4 1.0 1 0.5 1 3 2 2 1.0 3 0.5 2 
739 4.5 3 61.230613 3 0 1 0.5 0 0.5 0 3 1 4 1.0 1 0.5 1 3 2 2 1.0 3 1.5 3 
740 1.5 3 61.231687 3 0 1 0.5 0 0.5 0 3 1 4 1.0 1 0.5 1 3 2 2 1.0 3 1.5 2 
741 0.5 3 61.245052 3 0 1 0.5 0 0.5 0 3 1 4 0.0 0 0.5 0 3 2 2 0.0 0 0.5 0 
742 0.5 3 61.249056 3 0 1 0.5 0 0.5 0 3 1 4 1.0 1 0.5 1 3 2 2 1.0 3 1.5 2 
743 2.5 3 61.253973 3 0 1 0.5 0 0.5 0 3 1 4 1.0 1 0.5 1 3 2 2 1.0 3 0.5 2 
744 3.5 3 61.308815 3 0 1 0.5 0 0.5 0 3 1 4 1.0 1 0.5 1 3 2 2 1.0 3 1.5 3 
745 2.5 3 61.357993 3 0 1 0.5 0 0.5 0 3 1 4 1.0 1 0.5 1 3 2 2 1.0 3 1.5 3 
746 1.5 3 61.387559 3 0 1 0.5 0 0.5 0 3 1 4 1.0 1 0.5 1 3 2 2 1.0 3 1.5 3 
747 1.5 3 61.446796 3 0 1 0.5 0 0.5 0 3 1 4 0.0 0 0.5 0 3 2 2 1.0 1 0.5 1 
748 0.5 3 61.461015 3 0 1 0.5 0 0.5 0 3 1 4 0.0 0 0.5 0 3 2 2 1.0 1 0.5 1 
749 5.5 3 61.492018 3 0 1 0.5 0 0.5 0 3 1 4 1.0 1 0.5 1 3 2 2 0.0 4 0.5 5 
750 4.5 3 61.507686 3 0 1 0.5 0 0.5 0 3 1 4 1.0 1 0.5 1 3 2 2 1.0 3 0.5 4 
751 3.5 3 61.561935 3 0 1 0.5 0 0.5 0 3 1 4 1.0 1 0.5 1 3 2 2 1.0 3 0.5 4 
752 4.5 3 61.587648 3 0 1 0.5 0 0.5 0 3 1 4 1.0 1 0.5 1 3 2 2 0.0 4 0.5 5 
753 3.5 3 61.899594 3 0 1 0.5 0 0.5 0 3 1 4 1.0 1 0.5 1 3 2 2 1.0 1 1.5 2 
754 2.5 3 61.913132 3 0 1 0.5 0 0.5 0 3 1 4 1.0 1 0.5 1 3 2 2 1.0 1 1.5 2 
755 1.5 3 61.927443 3 0 1 0.5 0 0.5 0 3 1 4 1.0 1 0.5 1 3 2 2 1.0 1 1.5 2 
756 0.5 3 61.938004 3 0 1 0.5 0 0.5 0 3 1 4 1.0 1 0.5 1 3 2 2 1.0 1 1.5 2 
757 3.5 3 62.383148 3 0 1 0.5 0 0.5 0 3 1 4 0.0 2 0.5 2 3 2 2 0.0 2 0.5 3 
758 2.5 3 62.451947 3 0 1 0.5 0 0.5 0 3 1 4 1.0 1 0.5 1 3 2 2 1.0 1 1.5 1 
759 2.5 3 62.473265 3 0 1 0.5 0 0.5 0 3 1 4 0.0 2 0.5 2 3 2 2 0.0 2 0.5 3 
760 1.5 3 62.477695 3 0 1 0.5 0 0.5 0 3 1 4 1.0 1 0.5 1 3 2 2 1.0 1 1.5 1 
761 0.5 3 62.489351 3 0 1 0.5 0 0.5 0 3 1 4 1.0 1 0.5 1 3 2 2 1.0 1 1.5 1 
762 2.5 3 62.663482 3 0 1 0.5 0 0.5 0 3 1 4 1.0 1 0.5 1 3 2 2 0.0 2 0.5 2 
763 1.5 3 62.704397 3 0 1 0.5 0 0.5 0 3 1 4 1.0 1 0.5 1 3 2 2 0.0 2 0.5 2 
764 0.5 3 63.385145 3 0 1 0.5 0 0.5 0 3 1 4 1.0 1 1.5 1 3 2 2 1.0 1 0.5 0 
765 1.5 3 63.541376 3 0 1 0.5 0 0.5 0 3 1 4 1.0 1 0.5 1 3 2 2 0.0 0 0.5 1 
766 0.5 3 63.602368 3 0 1 0.5 0 0.5 0 3 1 4 1.0 1 0.5 1 3 2 2 0.0 0 0.5 1 
767 0.5 2 63.965068 3 1 6 0.0 0 0.0 0 5 0 1 0.5 0 0.5 0 0 0 0 0.0 0 0.0 0 
768 1.5 2 64.292880 3 1 6 0.0 0 0.0 0 4 2 1 0.5 2 0.5 2 0 0 0 0.0 0 0.0 0 
769 2.5 2 64.293893 3 1 6 0.0 0 0.0 0 4 2 1 0.5 2 0.5 2 0 0 0 0.0 0 0.0 0 
770 2.5 3 64.355813 3 0 1 0.5 0 0.5 0 3 1 4 1.0 1 0.5 1 3 2 2 0.0 4 0.5 3 
771 3.5 3 64.364314 3 0 1 0.5 0 0.5 0 3 1 4 1.0 1 0.5 1 3 2 2 0.0 4 0.5 3 
772 4.5 3 64.433521 3 0 1 0.5 0 0.5 0 3 1 4 1.0 1 0.5 1 3 2 2 0.0 4 0.5 4 
773 3.5 3 64.449888 3 0 1 0.5 0 0.5 0 3 1 4 1.0 1 0.5 1 3 2 2 0.0 4 0.5 4 
774 0.5 2 64.837854 3 1 6 0.0 0 0.0 0 5 1 1 0.5 1 0.5 1 0 0 0 0.0 0 0.0 0 
775 1.5 2 64.843296 3 1 6 0.0 0 0.0 0 5 1 1 0.5 1 0.5 1 0 0 0 0.0 0 0.0 0 
776 0.5 3 64.879762 3 0 1 0.5 0 0.5 0 3 1 4 1.0 1 0.5 1 3 2 2 0.0 2 0.5 1 
777 1.5 3 64.930888 3 0 1 0.5 0 0.5 0 3 1 4 1.0 1 0.5 1 3 2 2 0.0 2 0.5 1 
778 2.5 3 65.330235 3 0 1 0.5 0 0.5 0 3 1 4 1.0 1 0.5 1 3 2 2 1.0 1 0.5 2 
779 1.5 3 65.335260 3 0 1 0.5 0 0.5 0 3 1 4 1.0 1 0.5 1 3 2 2 1.0 1 0.5 2 
780 2.5 2 65.493826 3 1 6 0.0 0 0.0 0 4 3 1 0.5 3 0.5 3 0 0 0 0.0 0 0.0 0 
781 3.5 2 65.493900 3 1 6 0.0 0 0.0 0 4 3 1 0.5 3 0.5 3 0 0 0 0.0 0 0.0 0 
782 1.5 2 66.186175 3 1 6 0.0 0 0.0 0 5 2 1 0.5 2 0.5 2 0 0 0 0.0 0 0.0 0 
783 2.5 2 66.186613 3 1 6 0.0 0 0.0 0 5 2 1 0.5 2 0.5 2 0 0 0 0.0 0 0.0 0 
784 1.5 3 66.321255 3 0 1 0.5 0 0.5 0 3 1 4 1.0 1 0.5 1 3 2 2 1.0 1 0.5 1 
785 0.5 3 66.350285 3 0 1 0.5 0 0.5 0 3 1 4 1.0 1 0.5 1 3 2 2 1.0 1 0.5 1 
786 2.5 2 66.741668 3 1 6 0.0 0 0.0 0 5 3 1 0.5 3 0.5 3 0 0 0 0.0 0 0.0 0 
787 3.5 2 66.741715 3 1 6 0.0 0 0.0 0 5 3 1 0.5 3 0.5 3 0 0 0 0.0 0 0.0 0 
788 3.5 2 66.780996 3 1 6 0.0 0 0.0 0 5 4 1 0.5 4 0.5 4 0 0 0 0.0 0 0.0 0 
789 4.5 2 66.781017 3 1 6 0.0 0 0.0 0 5 4 1 0.5 4 0.5 4 0 0 0 0.0 0 0.0 0 
790 3.5 3 66.939786 3 0 1 0.5 0 0.5 0 3 1 4 1.0 1 0.5 1 3 2 2 1.0 3 0.5 3 
791 2.5 3 66.941841 3 0 1 0.5 0 0.5 0 3 1 4 1.0 1 0.5 1 3 2 2 1.0 3 0.5 3 
792 2.5 3 66.995170 3 0 1 0.5 0 0.5 0 3 1 4 0.0 2 0.5 2 3 2 2 0.0 4 0.5 2 
793 1.5 3 66.996924 3 0 1 0.5 0 0.5 0 3 1 4 0.0 2 0.5 2 3 2 2 0.0 4 0.5 2 
794 2.5 3 68.566765 3 0 1 0.5 0 0.5 0 3 1 4 0.0 2 0.5 2 3 2 2 0.0 2 0.5 2 
795 1.5 3 68.575079 3 0 1 0.5 0 0.5 0 3 1 4 0.0 2 0.5 2 3 2 2 0.0 2 0.5 2 
796 0.5 3 70.874465 3 0 1 0.5 0 0.5 0 3 1 4 1.0 1 0.5 1 3 2 2 1.0 1 0.5 0 
797 0.5 2 74.216337 3 1 5 0.5 1 0.5 1 3 2 2 1.0 3 1.5 2 0 0 0 0.0 0 0.0 0 
798 1.5 2 74.223900 3 1 5 0.5 1 0.5 1 3 2 2 1.0 3 1.5 2 0 0 0 0.0 0 0.0 0 
799 2.5 2 74.236853 3 1 5 0.5 1 0.5 1 3 2 2 1.0 3 1.5 2 0 0 0 0.0 0 0.0 0 
800 3.5 2 74.255944 3 1 5 0.5 1 0.5 1 3 2 2 1.0 3 1.5 2 0 0 0 0.0 0 0.0 0 
801 5.5 2 75.038501 3 1 5 0.5 1 0.5 1 3 2 2 1.0 3 1.5 4 0 0 0 0.0 0 0.0 0 
802 4.5 2 75.083561 3 1 5 0.5 1 0.5 1 3 2 2 1.0 3 1.5 4 0 0 0 0.0 0 0.0 0 
803 2.5 2 75.110714 3 1 5 0.5 1 0.5 1 3 2 2 1.0 1 1.5 1 0 0 0 0.0 0 0.0 0 
804 3.5 2 75.124690 3 1 5 0.5 1 0.5 1 3 2 2 1.0 3 1.5 4 0 0 0 0.0 0 0.0 0 
805 1.5 2 75.158742 3 1 5 0.5 1 0.5 1 3 2 2 1.0 1 1.5 1 0 0 0 0.0 0 0.0 0 
806 2.5 2 75.159831 3 1 5 0.5 1 0.5 1 3 2 2 1.0 3 1.5 4 0 0 0 0.0 0 0.0 0 
807 0.5 2 75.188499 3 1 5 0.5 1 0.5 1 3 2 2 1.0 1 1.5 1 0 0 0 0.0 0 0.0 0 
808 4.5 2 75.656209 3 1 5 0.5 1 0.5 1 3 2 2 1.0 3 1.5 3 0 0 0 0.0 0 0.0 0 
809 3.5 2 75.671460 3 1 5 0.5 1 0.5 1 3 2 2 1.0 3 1.5 3 0 0 0 0.0 0 0.0 0 
810 1.5 2 75.674754 3 1 5 0.5 1 0.5 1 3 2 2 1.0 3 1.5 3 0 0 0 0.0 0 0.0 0 
811 2.5 2 75.675131 3 1 5 0.5 1 0.5 1 3 2 2 1.0 3 1.5 3 0 0 0 0.0 0 0.0 0 
812 2.5 2 75.827259 3 1 5 0.5 1 0.5 1 3 2 2 0.0 4 0.5 3 0 0 0 0.0 0 0.0 0 
813 2.5 2 75.831322 3 1 5 0.5 1 0.5 1 3 2 2 0.0 2 0.5 2 0 0 0 0.0 0 0.0 0 
814 1.5 2 75.869799 3 1 5 0.5 1 0.5 1 3 2 2 0.0 2 0.5 2 0 0 0 0.0 0 0.0 0 
815 3.5 2 75.880268 3 1 5 0.5 1 0.5 1 3 2 2 0.0 4 0.5 3 0 0 0 0.0 0 0.0 0 
816 0.5 2 76.122096 3 1 5 0.5 1 0.5 1 3 2 2 0.0 2 0.5 1 0 0 0 0.0 0 0.0 0 
817 1.5 2 76.181427 3 1 5 0.5 1 0.5 1 3 2 2 0.0 2 0.5 1 0 0 0 0.0 0 0.0 0 
818 5.5 2 76.338276 3 1 5 0.5 1 0.5 1 3 2 2 0.0 4 0.5 5 0 0 0 0.0 0 0.0 0 
819 4.5 2 76.464978 3 1 5 0.5 1 0.5 1 3 2 2 0.0 4 0.5 5 0 0 0 0.0 0 0.0 0 
820 3.5 2 76.577295 3 1 5 0.5 1 0.5 1 3 2 2 1.0 3 0.5 4 0 0 0 0.0 0 0.0 0 
821 3.5 2 76.624379 3 1 5 0.5 1 0.5 1 3 2 2 0.0 2 0.5 3 0 0 0 0.0 0 0.0 0 
822 4.5 2 76.627807 3 1 5 0.5 1 0.5 1 3 2 2 1.0 3 0.5 4 0 0 0 0.0 0 0.0 0 
823 2.5 2 76.764558 3 1 5 0.5 1 0.5 1 3 2 2 0.0 2 0.5 3 0 0 0 0.0 0 0.0 0 
824 3.5 2 76.949411 3 1 5 0.5 1 0.5 1 3 2 2 1.0 1 1.5 2 0 0 0 0.0 0 0.0 0 
825 2.5 2 76.982357 3 1 5 0.5 1 0.5 1 3 2 2 1.0 1 1.5 2 0 0 0 0.0 0 0.0 0 
826 1.5 2 77.010625 3 1 5 0.5 1 0.5 1 3 2 2 1.0 1 1.5 2 0 0 0 0.0 0 0.0 0 
827 0.5 2 77.029846 3 1 5 0.5 1 0.5 1 3 2 2 1.0 1 1.5 2 0 0 0 0.0 0 0.0 0 
828 1.5 2 77.759931 3 1 5 0.5 1 0.5 1 3 2 2 1.0 1 0.5 2 0 0 0 0.0 0 0.0 0 
829 2.5 2 77.803637 3 1 5 0.5 1 0.5 1 3 2 2 1.0 1 0.5 2 0 0 0 0.0 0 0.0 0 
830 0.5 2 77.959594 3 1 5 0.5 1 0.5 1 3 2 2 1.0 1 0.5 0 0 0 0 0.0 0 0.0 0 
831 1.5 2 77.976562 3 1 5 0.5 1 0.5 1 3 2 2 1.0 1 1.5 0 0 0 0 0.0 0 0.0 0 
832 4.5 2 78.040947 3 1 5 0.5 1 0.5 1 3 2 2 0.0 4 0.5 4 0 0 0 0.0 0 0.0 0 
833 3.5 2 78.057558 3 1 5 0.5 1 0.5 1 3 2 2 0.0 4 0.5 4 0 0 0 0.0 0 0.0 0 
834 1.5 2 78.949917 3 1 5 0.5 1 0.5 1 3 2 2 0.0 0 0.5 1 0 0 0 0.0 0 0.0 0 
835 0.5 2 79.080289 3 1 5 0.5 1 0.5 1 3 2 2 0.0 0 0.5 1 0 0 0 0.0 0 0.0 0 
836 2.5 2 81.577303 3 1 5 0.5 1 0.5 1 3 2 2 1.0 3 0.5 3 0 0 0 0.0 0 0.0 0 
837 3.5 2 81.639041 3 1 5 0.5 1 0.5 1 3 2 2 1.0 3 0.5 3 0 0 0 0.0 0 0.0 0 
838 0.5 2 83.791797 3 1 5 0.5 1 0.5 1 3 2 2 1.0 1 0.5 1 0 0 0 0.0 0 0.0 0 
839 1.5 2 83.819016 3 1 5 0.5 1 0.5 1 3 2 2 1.0 1 0.5 1 0 0 0 0.0 0 0.0 0 
840 2.5 2 84.456075 3 1 5 0.5 1 0.5 1 3 2 2 1.0 3 0.5 2 0 0 0 0.0 0 0.0 0 
841 1.5 2 84.476668 3 1 5 0.5 1 0.5 1 3 2 2 1.0 3 0.5 2 0 0 0 0.0 0 0.0 0 
841 1.5 2 84.476668 3 1 5 0.5 1 0.5 1 3 2 2 1.0 3 0.5 2 0 0 0 0.0 0 0.0 0 
