8.33186e+01	1.48826e+01	3.30970e-02	1	2
6.59198e+01	1.88107e+01	3.35425e-01	1	3
6.31424e+01	1.96382e+01	2.85196e-01	1	4
5.04015e+01	2.46024e+01	5.02647e-02	1	6
4.92161e+01	2.51950e+01	2.10218e-01	1	7
4.58973e+01	2.70168e+01	3.10069e-01	1	10
4.51685e+01	2.74528e+01	4.92869e-02	1	12
3.01217e+01	4.11663e+01	4.55773e-04	1	16
2.82969e+01	4.38210e+01	2.21724e-03	1	19
2.78879e+01	4.44638e+01	4.93825e-04	1	20
2.71254e+01	4.57135e+01	7.26840e-03	1	22
2.37053e+01	5.23089e+01	1.82023e-04	1	24
2.14375e+01	5.78425e+01	8.05622e-04	1	25
2.07382e+01	5.97930e+01	1.38935e-04	1	26
1.89726e+01	6.53575e+01	1.63197e-05	1	28
1.88777e+01	6.56859e+01	1.50004e-04	1	29
1.83489e+01	6.75788e+01	1.71886e-03	1	32
1.86480e+02	6.64949e+00	1.02694e-02	2	5
1.16362e+02	1.06564e+01	6.10009e-03	2	8
1.09880e+02	1.12850e+01	5.04011e-03	2	9
9.89214e+01	1.25352e+01	4.77785e-03	2	11
5.88479e+01	2.10713e+01	4.95410e-01	2	13
5.55242e+01	2.23326e+01	2.37944e-02	2	14
4.97205e+01	2.49394e+01	1.33629e-01	2	15
4.42361e+01	2.80314e+01	4.35718e-02	2	17
4.35831e+01	2.84514e+01	1.24770e-01	2	18
4.08961e+01	3.03207e+01	7.70567e-02	2	21
4.01710e+01	3.08680e+01	8.28140e-07	2	23
2.61823e+01	4.73603e+01	9.30900e-04	2	27
2.41474e+01	5.13513e+01	5.78385e-04	2	30
1.95437e+01	6.34477e+01	4.04765e-04	2	35
4.55652e+02	2.72138e+00	9.93693e-02	3	5
1.84296e+02	6.72832e+00	7.36717e-03	3	8
1.68550e+02	7.35687e+00	1.20206e-01	3	9
1.44067e+02	8.60709e+00	4.20602e-02	3	11
7.23321e+01	1.71432e+01	6.91315e-02	3	13
6.73749e+01	1.84045e+01	2.72325e-01	3	14
5.90159e+01	2.10113e+01	1.95092e-02	3	15
5.14453e+01	2.41033e+01	1.76640e-03	3	17
5.05642e+01	2.45233e+01	4.72659e-02	3	18
4.69828e+01	2.63926e+01	3.79483e-02	3	21
4.60283e+01	2.69399e+01	5.02377e-03	3	23
2.85503e+01	4.34322e+01	1.00224e-03	3	27
2.61476e+01	4.74231e+01	7.49530e-05	3	30
2.57927e+01	4.80755e+01	9.99800e-04	3	31
2.51402e+01	4.93234e+01	1.28168e-04	3	33
2.08335e+01	5.95196e+01	4.33253e-04	3	35
6.54711e+02	1.89396e+00	3.01519e-01	4	5
2.10137e+02	5.90091e+00	2.16861e-03	4	8
1.89908e+02	6.52946e+00	7.51761e-03	4	9
1.59390e+02	7.77968e+00	2.81075e-03	4	11
7.60002e+01	1.63157e+01	1.48544e-02	4	13
7.05464e+01	1.75771e+01	1.65979e-02	4	14
6.14352e+01	2.01839e+01	4.22588e-01	4	15
5.32741e+01	2.32759e+01	6.27066e-03	4	17
5.23298e+01	2.36959e+01	1.69295e-03	4	18
4.85034e+01	2.55652e+01	4.76760e-03	4	21
4.74868e+01	2.61125e+01	2.96935e-06	4	23
2.91047e+01	4.26048e+01	2.07603e-04	4	27
2.66119e+01	4.65957e+01	5.07047e-05	4	30
2.62444e+01	4.72481e+01	6.05673e-07	4	31
2.55691e+01	4.84959e+01	1.42057e-05	4	33
2.11272e+01	5.86921e+01	1.10542e-04	4	35
4.03868e+02	3.07031e+00	1.89133e-01	5	6
3.38532e+02	3.66287e+00	2.33685e-01	5	7
2.26082e+02	5.48473e+00	5.28858e-02	5	10
2.09437e+02	5.92064e+00	1.23077e-03	5	12
6.31551e+01	1.96342e+01	2.40169e-01	5	16
5.56331e+01	2.22889e+01	1.51791e-03	5	19
5.40737e+01	2.29317e+01	2.65875e-05	5	20
5.12791e+01	2.41814e+01	8.57788e-04	5	22
4.02901e+01	3.07768e+01	2.88901e-03	5	24
3.41500e+01	3.63104e+01	6.73300e-04	5	25
3.24091e+01	3.82609e+01	1.05373e-04	5	26
2.82941e+01	4.38253e+01	6.54897e-05	5	28
2.80837e+01	4.41538e+01	1.18943e-04	5	29
2.69292e+01	4.60467e+01	3.38684e-05	5	32
2.65859e+01	4.66413e+01	1.18610e-07	5	34
1.32389e+03	9.36636e-01	5.78811e-01	6	8
7.92235e+02	1.56519e+00	1.70922e-03	6	9
4.40433e+02	2.81541e+00	2.34437e-03	6	11
1.09237e+02	1.13515e+01	1.61126e-04	6	13
9.83128e+01	1.26128e+01	7.20700e-04	6	14
8.14738e+01	1.52196e+01	2.16207e-03	6	15
6.77167e+01	1.83116e+01	4.58630e-01	6	17
6.61983e+01	1.87316e+01	3.50705e-03	6	18
6.01915e+01	2.06009e+01	1.30937e-03	6	21
5.86337e+01	2.11482e+01	3.09257e-08	6	23
3.29432e+01	3.76405e+01	7.37826e-05	6	27
2.97852e+01	4.16315e+01	3.47850e-05	6	30
2.93256e+01	4.22838e+01	1.17046e-06	6	31
2.84850e+01	4.35317e+01	3.45396e-06	6	33
2.30793e+01	5.37279e+01	1.52484e-05	6	35
3.60387e+03	3.44074e-01	1.72036e-01	7	8
1.27489e+03	9.72630e-01	4.56533e-01	7	9
5.57843e+02	2.22285e+00	8.11708e-02	7	11
1.15253e+02	1.07589e+01	2.04890e-03	7	13
1.03159e+02	1.20202e+01	1.17249e-02	7	14
8.47745e+01	1.46270e+01	1.42461e-03	7	15
6.99812e+01	1.77190e+01	4.41730e-03	7	17
6.83609e+01	1.81390e+01	2.10360e-01	7	18
6.19741e+01	2.00084e+01	1.93720e-02	7	21
6.03240e+01	2.05557e+01	5.30319e-05	7	23
3.34701e+01	3.70480e+01	2.82487e-04	7	27
3.02152e+01	4.10389e+01	5.18818e-04	7	30
2.97424e+01	4.16913e+01	1.21845e-04	7	31
2.88781e+01	4.29391e+01	8.14869e-04	7	33
2.33366e+01	5.31353e+01	3.80429e-05	7	35
8.39092e+02	1.47779e+00	3.34375e-01	8	10
6.47959e+02	1.91370e+00	1.31364e-03	8	12
7.93486e+01	1.56272e+01	1.73996e-03	8	16
6.78264e+01	1.82820e+01	2.45027e-01	8	19
6.55227e+01	1.89247e+01	2.81032e-05	8	20
6.14638e+01	2.01745e+01	3.69114e-04	8	22
4.63207e+01	2.67699e+01	7.01427e-05	8	24
3.83860e+01	3.23035e+01	1.82594e-05	8	25
3.62002e+01	3.42540e+01	1.09943e-04	8	26
3.11414e+01	3.98184e+01	2.83778e-05	8	28
3.08866e+01	4.01468e+01	4.04272e-04	8	29
2.94959e+01	4.20398e+01	2.71067e-04	8	32
2.90845e+01	4.26343e+01	1.83780e-07	8	34
1.46014e+03	8.49232e-01	1.07290e-01	9	10
9.64870e+02	1.28515e+00	9.45187e-01	9	12
8.26739e+01	1.49987e+01	6.47374e-05	9	16
7.02414e+01	1.76534e+01	2.66116e-05	9	19
6.77737e+01	1.82962e+01	3.26899e-01	9	20
6.34404e+01	1.95459e+01	8.84592e-04	9	22
4.74345e+01	2.61413e+01	1.34905e-03	9	24
3.91477e+01	3.16749e+01	1.93737e-03	9	25
3.68769e+01	3.36254e+01	6.48827e-07	9	26
3.16408e+01	3.91898e+01	1.14987e-06	9	28
3.13779e+01	3.95183e+01	1.53509e-04	9	29
2.99436e+01	4.14112e+01	1.03099e-03	9	32
2.95197e+01	4.20058e+01	6.82615e-06	9	34
3.09238e+03	4.00986e-01	6.91498e-01	10	11
1.38748e+02	8.93704e+00	1.24025e-03	10	13
1.21588e+02	1.01984e+01	8.11100e-03	10	14
9.68358e+01	1.28052e+01	2.12946e-03	10	15
7.80013e+01	1.58972e+01	1.09322e-03	10	17
7.59936e+01	1.63172e+01	1.36667e-02	10	18
6.81824e+01	1.81865e+01	2.33316e-01	10	21
6.61905e+01	1.87338e+01	2.29634e-03	10	23
3.52012e+01	3.52261e+01	1.56011e-04	10	27
3.16189e+01	3.92170e+01	6.57814e-04	10	30
3.11015e+01	3.98694e+01	6.72962e-04	10	31
3.01577e+01	4.11173e+01	9.15819e-04	10	33
2.41652e+01	5.13135e+01	5.40207e-05	10	35
3.55003e+04	3.49293e-02	5.05052e-02	11	12
9.01918e+01	1.37485e+01	1.02954e-03	11	16
7.55951e+01	1.64032e+01	2.58585e-04	11	19
7.27445e+01	1.70460e+01	8.57967e-04	11	20
6.77755e+01	1.82957e+01	3.32246e-01	11	22
4.98170e+01	2.48911e+01	4.86689e-04	11	24
4.07564e+01	3.04247e+01	2.04258e-03	11	25
3.83009e+01	3.23752e+01	1.90401e-06	11	26
3.26835e+01	3.79396e+01	6.39180e-06	11	28
3.24030e+01	3.82681e+01	1.12690e-03	11	29
3.08757e+01	4.01610e+01	1.04538e-03	11	32
3.04253e+01	4.07556e+01	1.15892e-06	11	34
1.45863e+02	8.50113e+00	1.06168e-04	12	13
1.27017e+02	9.76247e+00	5.83874e-04	12	14
1.00248e+02	1.23693e+01	1.23168e-04	12	15
8.02005e+01	1.54613e+01	6.92447e-05	12	17
7.80795e+01	1.58813e+01	2.97877e-04	12	18
6.98568e+01	1.77506e+01	1.45144e-03	12	21
6.77673e+01	1.82979e+01	4.17264e-01	12	23
3.56422e+01	3.47902e+01	1.33122e-04	12	27
3.19743e+01	3.87811e+01	4.51519e-05	12	30
3.14453e+01	3.94335e+01	1.18335e-05	12	31
3.04808e+01	4.06813e+01	6.74160e-05	12	33
2.43722e+01	5.08775e+01	8.43058e-06	12	35
2.37894e+02	5.21241e+00	1.20795e-01	13	16
1.57618e+02	7.86713e+00	3.86268e-03	13	19
1.45713e+02	8.50991e+00	1.00378e-01	13	20
1.27054e+02	9.75964e+00	3.96192e-02	13	22
7.58176e+01	1.63550e+01	1.44053e-01	13	24
5.66504e+01	2.18886e+01	6.10788e-02	13	25
5.20153e+01	2.38391e+01	1.76091e-05	13	26
4.21717e+01	2.94036e+01	7.20208e-04	13	28
4.17059e+01	2.97320e+01	2.98431e-03	13	29
3.92095e+01	3.16250e+01	1.91994e-04	13	32
3.84860e+01	3.22195e+01	6.05911e-05	13	34
3.13839e+02	3.95108e+00	8.24375e-03	14	16
1.87714e+02	6.60579e+00	8.09138e-03	14	19
1.71068e+02	7.24857e+00	1.78349e-02	14	20
1.45912e+02	8.49830e+00	7.23946e-03	14	22
8.21534e+01	1.50937e+01	7.96232e-02	14	24
6.01145e+01	2.06273e+01	7.85235e-03	14	25
5.49212e+01	2.25778e+01	1.09300e-03	14	26
4.40619e+01	2.81422e+01	2.67098e-04	14	28
4.35536e+01	2.84707e+01	1.05967e-02	14	29
4.08384e+01	3.03636e+01	3.06518e-03	14	32
4.00540e+01	3.09582e+01	1.26015e-05	14	34
9.22432e+02	1.34427e+00	3.96461e-01	15	16
3.10078e+02	3.99899e+00	3.32113e-03	15	19
2.67140e+02	4.64177e+00	8.89857e-04	15	20
2.10473e+02	5.89149e+00	2.40179e-04	15	22
9.93040e+01	1.24869e+01	7.83570e-04	15	24
6.88105e+01	1.80205e+01	3.44546e-03	15	25
6.20900e+01	1.99710e+01	6.96072e-01	15	26
4.85600e+01	2.55354e+01	1.39854e-04	15	28
4.79434e+01	2.58639e+01	6.76388e-05	15	29
4.46737e+01	2.77568e+01	4.28424e-03	15	32
7.09498e+02	1.74771e+00	2.19631e-01	16	17
5.72031e+02	2.16771e+00	3.07824e-01	16	18
3.07155e+02	4.03705e+00	4.52955e-02	16	21
2.70485e+02	4.58436e+00	1.03405e-03	16	23
5.88329e+01	2.10766e+01	4.69174e-01	16	27
4.94663e+01	2.50676e+01	9.93982e-04	16	30
4.82116e+01	2.57200e+01	5.35167e-05	16	31
4.59808e+01	2.69678e+01	3.60057e-03	16	33
3.33656e+01	3.71640e+01	2.82678e-03	16	35
1.36714e+03	9.07001e-01	5.21012e-01	17	19
8.00115e+02	1.54978e+00	1.42802e-02	17	20
4.42935e+02	2.79951e+00	1.19321e-04	17	22
1.31986e+02	9.39492e+00	2.46054e-04	17	24
8.30625e+01	1.49285e+01	5.04233e-05	17	25
7.34640e+01	1.68790e+01	1.57260e-02	17	26
5.52500e+01	2.24434e+01	7.09818e-01	17	28
5.44531e+01	2.27719e+01	4.17333e-04	17	29
5.02740e+01	2.46648e+01	2.73702e-03	17	32
2.54618e+03	4.87003e-01	1.56644e-01	18	19
1.09756e+03	1.12978e+00	4.40620e-01	18	20
5.21116e+02	2.37951e+00	2.20316e-02	18	22
1.38163e+02	8.97492e+00	9.28020e-03	18	24
8.54671e+01	1.45085e+01	6.53214e-04	18	25
7.53386e+01	1.64590e+01	5.82100e-03	18	26
5.63036e+01	2.20234e+01	3.37863e-04	18	28
5.54763e+01	2.23519e+01	5.51873e-01	18	29
5.11449e+01	2.42448e+01	4.58626e-04	18	32
4.99207e+01	2.48394e+01	6.40889e-05	18	34
8.97035e+02	1.38233e+00	3.89731e-01	19	21
6.42605e+02	1.92965e+00	1.29037e-04	19	23
6.73111e+01	1.84219e+01	1.47027e-03	19	27
5.53254e+01	2.24129e+01	4.97016e-01	19	30
5.37605e+01	2.30652e+01	7.61314e-07	19	31
5.10014e+01	2.43131e+01	8.75470e-04	19	33
3.59324e+01	3.45093e+01	1.01607e-04	19	35
1.67668e+03	7.39555e-01	1.28129e-01	20	21
9.63579e+02	1.28687e+00	1.10871e+00	20	23
6.97447e+01	1.77791e+01	5.27637e-04	20	27
5.69589e+01	2.17701e+01	7.80777e-05	20	30
5.53017e+01	2.24225e+01	7.86263e-01	20	31
5.23863e+01	2.36703e+01	2.12733e-03	20	33
3.66144e+01	3.38665e+01	1.37597e-03	20	35
2.43054e+03	5.10174e-01	7.05902e-01	21	22
1.74511e+02	7.10559e+00	5.51611e-03	21	24
9.81077e+01	1.26392e+01	1.74005e-03	21	25
8.49916e+01	1.45897e+01	2.90973e-03	21	26
6.15259e+01	2.01541e+01	2.14235e-03	21	28
6.05394e+01	2.04825e+01	1.41709e-03	21	29
5.54178e+01	2.23755e+01	5.93154e-01	21	32
5.39833e+01	2.29701e+01	3.56956e-05	21	34
3.33873e+04	3.71399e-02	6.67303e-02	22	23
7.50178e+01	1.65294e+01	2.21832e-03	22	27
6.04278e+01	2.05204e+01	5.40105e-04	22	30
5.85659e+01	2.11727e+01	3.06990e-03	22	31
5.53063e+01	2.24206e+01	7.99146e-01	22	33
3.80173e+01	3.26168e+01	6.67661e-04	22	35
1.89074e+02	6.55827e+00	5.61688e-04	23	24
1.02548e+02	1.20919e+01	1.46989e-03	23	25
6.22015e+01	1.99352e+01	1.06441e-04	23	29
5.68073e+01	2.18282e+01	2.48605e-05	23	32
5.53010e+01	2.24227e+01	1.15593e+00	23	34
1.24824e+02	9.93399e+00	9.03826e-04	24	27
8.90489e+01	1.39249e+01	5.49328e-05	24	30
8.50636e+01	1.45773e+01	7.17428e-04	24	31
7.83562e+01	1.58252e+01	3.18550e-04	24	33
4.76532e+01	2.60214e+01	1.16769e-01	24	35
2.81792e+02	4.40041e+00	9.04403e-01	25	27
1.47771e+02	8.39135e+00	2.31698e-02	25	30
1.37111e+02	9.04374e+00	7.24556e-01	25	31
1.20487e+02	1.02916e+01	3.37814e-01	25	33
6.05239e+01	2.04878e+01	3.32757e-01	25	35
5.06144e+02	2.44990e+00	1.22600e+00	26	27
1.92521e+02	6.44084e+00	2.19775e-05	26	30
6.68923e+01	1.85373e+01	9.67837e-04	26	35
3.98134e+02	3.11453e+00	5.98733e-01	27	28
3.60156e+02	3.44296e+00	2.14623e+00	27	29
2.32388e+02	5.33591e+00	2.41954e-01	27	32
1.41486e+03	8.76411e-01	1.55430e+00	28	30
9.55844e+01	1.29728e+01	1.43517e-04	28	35
2.26282e+03	5.47989e-01	9.27429e-01	29	30
1.03301e+03	1.20038e+00	3.58281e+00	29	31
5.06492e+02	2.44821e+00	2.81999e-02	29	33
9.80671e+01	1.26444e+01	1.56668e-03	29	35
9.21958e+02	1.34496e+00	2.26768e+00	30	32
1.79042e+03	6.92574e-01	8.25806e-01	31	32
9.63376e+02	1.28714e+00	6.32497e+00	31	34
2.23319e+03	5.55260e-01	4.85470e+00	32	33
1.15333e+02	1.07515e+01	1.63860e-03	32	35
3.15468e+04	3.93066e-02	3.20585e-01	33	34
1.22085e+02	1.01569e+01	1.00818e-04	34	35
